841.00000000E-9
884.00000000E-9
943.00000000E-9
868.00000000E-9
873.00000000E-9
7.75222800E-3
20.04260400E-3
20.04359000E-3
20.04388600E-3
20.04382700E-3
20.04374600E-3
20.04438800E-3
20.04403200E-3
20.04386000E-3
20.04388600E-3
20.04384300E-3
20.04338500E-3
20.04319700E-3
20.04294300E-3
20.04314800E-3
20.04285700E-3
20.04252900E-3
20.04235100E-3
20.04249600E-3
20.04234000E-3
20.04229700E-3
20.04215100E-3
20.04180100E-3
20.04165000E-3
20.04127800E-3
20.04098700E-3
20.04091700E-3
20.04082000E-3
20.04067500E-3
20.04051900E-3
20.04030900E-3
20.04008200E-3
20.03978000E-3
20.03959700E-3
20.03943000E-3
20.03935500E-3
20.03910200E-3
20.03902600E-3
20.03888100E-3
20.03873000E-3
20.03856800E-3
20.03840600E-3
20.03826600E-3
20.03794300E-3
20.03770600E-3
20.03743100E-3
20.03727500E-3
20.03726400E-3
20.03701100E-3
20.03690800E-3
20.03668200E-3
20.03663400E-3
20.03640200E-3
20.03628900E-3
20.03633200E-3
20.03619200E-3
20.03592800E-3
20.03582500E-3
20.03548100E-3
20.03542700E-3
20.03530800E-3
20.03506600E-3
20.03511400E-3
20.03505500E-3
20.03491500E-3
20.03484500E-3
20.03464000E-3
20.03453200E-3
20.03453800E-3
20.03439700E-3
20.03419800E-3
20.03413900E-3
20.03420300E-3
20.03404700E-3
20.03391800E-3
20.03379900E-3
20.03370200E-3
20.03350300E-3
20.03338400E-3
20.03332500E-3
20.03319000E-3
20.03307200E-3
20.03314200E-3
20.03287300E-3
20.03282400E-3
20.03261900E-3
20.03245800E-3
20.03236600E-3
20.03210200E-3
20.03209100E-3
20.03214500E-3
20.03201000E-3
20.03176800E-3
20.03168700E-3
20.03159000E-3
20.03177300E-3
20.03133100E-3
20.03117000E-3
20.03126700E-3
20.03113200E-3
20.03106700E-3
20.03115400E-3
20.03105100E-3
20.03096000E-3
20.03096000E-3
20.03064200E-3
20.03052900E-3
20.03052300E-3
20.03052300E-3
20.03038800E-3
20.03020500E-3
20.03000000E-3
20.03023800E-3
20.03004900E-3
20.02991400E-3
20.02999000E-3
20.03000000E-3
20.02987700E-3
20.02980700E-3
20.02963400E-3
20.02966600E-3
20.02975800E-3
20.02947200E-3
20.02945600E-3
20.02958600E-3
20.02950500E-3
20.02945100E-3
20.02968300E-3
20.02936500E-3
20.02943500E-3
20.02924600E-3
20.02925200E-3
20.02928400E-3
20.02905800E-3
20.02922500E-3
20.02906300E-3
20.02893900E-3
20.02879300E-3
20.02883100E-3
20.02871800E-3
20.02862100E-3
20.02861000E-3
20.02856700E-3
20.02858300E-3
20.02856700E-3
20.02845400E-3
20.02864800E-3
20.02861000E-3
20.02853500E-3
20.02844900E-3
20.02855600E-3
20.02864800E-3
20.02852900E-3
20.02858900E-3
20.02848100E-3
20.02837300E-3
20.02846500E-3
20.02819000E-3
20.02809300E-3
20.02791000E-3
20.02793100E-3
20.02781300E-3
20.02800700E-3
20.02790400E-3
20.02778600E-3
20.02787200E-3
20.02762400E-3
20.02753800E-3
20.02766700E-3
20.02755400E-3
20.02765100E-3
20.02762400E-3
20.02752200E-3
20.02759200E-3
20.02760300E-3
20.02752200E-3
20.02774800E-3
20.02720900E-3
20.02743000E-3
20.02731700E-3
20.02692400E-3
20.02709600E-3
20.02694500E-3
20.02726300E-3
20.02727400E-3
20.02710700E-3
20.02716100E-3
20.02704800E-3
20.02703700E-3
20.02725800E-3
20.02717200E-3
20.02712800E-3
20.02690200E-3
20.02698300E-3
20.02677800E-3
20.02695100E-3
20.02668700E-3
20.02672400E-3
20.02678900E-3
20.02693400E-3
20.02693400E-3
20.02712300E-3
20.02665400E-3
20.02675700E-3
20.02662700E-3
20.02656800E-3
20.02649800E-3
20.02658400E-3
20.02657900E-3
20.02656800E-3
20.02646000E-3
20.02658400E-3
20.02655200E-3
20.02657900E-3
20.02655200E-3
20.02646600E-3
20.02654100E-3
20.02652000E-3
20.02671400E-3
20.02652500E-3
20.02672400E-3
20.02676200E-3
20.02670800E-3
20.02657900E-3
20.02649800E-3
20.02635300E-3
20.02626600E-3
20.02632600E-3
20.02652000E-3
20.02630900E-3
20.02645000E-3
20.02646600E-3
20.02620700E-3
20.02633600E-3
20.02663300E-3
20.02664400E-3
20.02688600E-3
20.02668700E-3
20.02671900E-3
20.02656300E-3
20.02654100E-3
20.02660600E-3
20.02662700E-3
20.02647600E-3
20.02662200E-3
20.02636300E-3
20.02639600E-3
20.02652500E-3
20.02634700E-3
20.02634200E-3
20.02628800E-3
20.02625000E-3
20.02627700E-3
20.02626100E-3
20.02620200E-3
20.02645500E-3
20.02618500E-3
20.02646000E-3
20.02630400E-3
20.02618500E-3
20.02639600E-3
20.02631500E-3
20.02630900E-3
20.02610500E-3
20.02612100E-3
20.02623900E-3
20.02637900E-3
20.02626600E-3
20.02604000E-3
20.02609900E-3
20.02605100E-3
20.02603500E-3
20.02599200E-3
20.02616900E-3
20.02600800E-3
20.02609400E-3
20.02609400E-3
20.02599200E-3
20.02606200E-3
20.02583000E-3
20.02566300E-3
20.02584100E-3
20.02585700E-3
20.02601800E-3
20.02594800E-3
20.02603500E-3
20.02599200E-3
20.02600800E-3
20.02581900E-3
20.02595900E-3
20.02558200E-3
20.02581400E-3
20.02591600E-3
20.02571100E-3
20.02577100E-3
20.02588900E-3
20.02599200E-3
20.02548500E-3
20.02572700E-3
20.02565700E-3
20.02556000E-3
20.02578700E-3
20.02581900E-3
20.02575400E-3
20.02566800E-3
20.02546900E-3
20.02535600E-3
20.02580800E-3
20.02560400E-3
20.02565200E-3
20.02566800E-3
20.02569000E-3
20.02572700E-3
20.02578100E-3
20.02576000E-3
20.02562000E-3
20.02537200E-3
20.02546300E-3
20.02545800E-3
20.02551200E-3
20.02537200E-3
20.02521000E-3
20.02536600E-3
20.02533400E-3
20.02504300E-3
20.02480100E-3
20.02516200E-3
20.02516700E-3
20.02523200E-3
20.02500000E-3
20.02500500E-3
20.02514000E-3
20.02537200E-3
20.02537700E-3
20.02552800E-3
20.02523700E-3
20.02554400E-3
20.02549000E-3
20.02517800E-3
20.02537700E-3
20.02542000E-3
20.02537700E-3
20.02524800E-3
20.02519400E-3
20.02516700E-3
20.02501600E-3
20.02488700E-3
20.02530700E-3
20.02542600E-3
20.02523200E-3
20.02545300E-3
20.02488700E-3
20.02541000E-3
20.02560400E-3
20.02558700E-3
20.02508600E-3
20.02528000E-3
20.02531800E-3
20.02543100E-3
20.02523700E-3
20.02542000E-3
20.02558200E-3
20.02555000E-3
20.02535600E-3
20.02549000E-3
20.02538800E-3
20.02540400E-3
20.02512900E-3
20.02544700E-3
20.02528600E-3
20.02522100E-3
20.02493000E-3
20.02494100E-3
20.02476300E-3
20.02502700E-3
20.02508600E-3
20.02489800E-3
20.02493000E-3
20.02474100E-3
20.02482200E-3
20.02475200E-3
20.02469300E-3
20.02445600E-3
20.02470400E-3
20.02466100E-3
20.02449900E-3
20.02445600E-3
20.02459600E-3
20.02465500E-3
20.02473100E-3
20.02464400E-3
20.02483800E-3
20.02472000E-3
20.02452600E-3
20.02444000E-3
20.02430500E-3
20.02457400E-3
20.02439100E-3
20.02439700E-3
20.02466100E-3
20.02450400E-3
20.02448800E-3
20.02439700E-3
20.02477400E-3
20.02474700E-3
20.02481100E-3
20.02493500E-3
20.02481700E-3
20.02465000E-3
20.02438600E-3
20.02434800E-3
20.02453700E-3
20.02419700E-3
20.02435900E-3
20.02437500E-3
20.02439700E-3
20.02411600E-3
20.02394400E-3
20.02426700E-3
20.02425100E-3
20.02430000E-3
20.02446100E-3
20.02424000E-3
20.02435900E-3
20.02422400E-3
20.02432600E-3
20.02448300E-3
20.02458500E-3
20.02459600E-3
20.02451000E-3
20.02459100E-3
20.02431600E-3
20.02411100E-3
20.02418100E-3
20.02407300E-3
20.02414900E-3
20.02425100E-3
20.02404100E-3
20.02401400E-3
20.02390600E-3
20.02379800E-3
20.02403600E-3
20.02390100E-3
20.02397100E-3
20.02417000E-3
20.02420800E-3
20.02429400E-3
20.02436400E-3
20.02451000E-3
20.02419700E-3
20.02444000E-3
20.02429400E-3
20.02410000E-3
20.02413800E-3
20.02427300E-3
20.02441300E-3
20.02459600E-3
20.02447700E-3
20.02423500E-3
20.02419200E-3
20.02411100E-3
20.02418600E-3
20.02428300E-3
20.02396500E-3
20.02426200E-3
20.02430000E-3
20.02449400E-3
20.02438600E-3
20.02427300E-3
20.02446700E-3
20.02420800E-3
20.02401400E-3
20.02415900E-3
20.02420300E-3
20.02410600E-3
20.02402500E-3
20.02396000E-3
20.02385800E-3
20.02348100E-3
20.02362100E-3
20.02386300E-3
20.02395500E-3
20.02378200E-3
20.02387900E-3
20.02397600E-3
20.02379800E-3
20.02369600E-3
20.02344800E-3
20.02354000E-3
20.02326000E-3
20.02332400E-3
20.02337800E-3
20.02303300E-3
20.02307600E-3
20.02295200E-3
20.02325400E-3
20.02301700E-3
20.02319000E-3
20.02319500E-3
20.02308200E-3
20.02322200E-3
20.02333000E-3
20.02359900E-3
20.02350200E-3
20.02336700E-3
20.02371800E-3
20.02395500E-3
20.02372300E-3
20.02369100E-3
20.02391700E-3
20.02375500E-3
20.02371800E-3
20.02362600E-3
20.02367400E-3
20.02346400E-3
20.02351800E-3
20.02340500E-3
20.02291500E-3
20.02330800E-3
20.02322700E-3
20.02330800E-3
20.02336700E-3
20.02340500E-3
20.02307600E-3
20.02324900E-3
20.02351300E-3
20.02349100E-3
20.02287700E-3
20.02335700E-3
20.02373900E-3
20.02367400E-3
20.02379800E-3
20.02387900E-3
20.02337300E-3
20.02336700E-3
20.02305500E-3
20.02334000E-3
20.02346400E-3
20.02336700E-3
20.02334000E-3
20.02302200E-3
20.02290400E-3
20.02282300E-3
20.02314100E-3
20.02313600E-3
20.02334000E-3
20.02356700E-3
20.02313000E-3
20.02335700E-3
20.02303300E-3
20.02302800E-3
20.02312500E-3
20.02332400E-3
20.02305500E-3
20.02315700E-3
20.02317300E-3
20.02303900E-3
20.02272600E-3
20.02289900E-3
20.02302800E-3
20.02291500E-3
20.02310900E-3
20.02296300E-3
20.02286100E-3
20.02253200E-3
20.02290400E-3
20.02273700E-3
20.02273200E-3
20.02275300E-3
20.02224700E-3
20.02247800E-3
20.02261800E-3
20.02289300E-3
20.02267200E-3
20.02269900E-3
20.02265600E-3
20.02277500E-3
20.02239200E-3
20.02286600E-3
20.02314600E-3
20.02267800E-3
20.02274800E-3
20.02244600E-3
20.02257000E-3
20.02271000E-3
20.02267800E-3
20.02296300E-3
20.02276900E-3
20.02289300E-3
20.02289900E-3
20.02279100E-3
20.02269400E-3
20.02267200E-3
20.02256400E-3
20.02254300E-3
20.02258100E-3
20.02246700E-3
20.02245700E-3
20.02227300E-3
20.02235400E-3
20.02244600E-3
20.02266100E-3
20.02264500E-3
20.02243500E-3
20.02236500E-3
20.02239200E-3
20.02242400E-3
20.02244100E-3
20.02241900E-3
20.02233800E-3
20.02246200E-3
20.02225200E-3
20.02220300E-3
20.02231700E-3
20.02228400E-3
20.02213300E-3
20.02223000E-3
20.02233300E-3
20.02228400E-3
20.02243500E-3
20.02231700E-3
20.02243000E-3
20.02253800E-3
20.02250500E-3
20.02223600E-3
20.02224100E-3
20.02222000E-3
20.02216000E-3
20.02227900E-3
20.02233800E-3
20.02238700E-3
20.02253200E-3
20.02259700E-3
20.02258100E-3
20.02246700E-3
20.02205300E-3
20.02240300E-3
20.02241400E-3
20.02280700E-3
20.02238100E-3
20.02230000E-3
20.02236000E-3
20.02245700E-3
20.02269900E-3
20.02265100E-3
20.02210100E-3
20.02230600E-3
20.02213900E-3
20.02244100E-3
20.02237600E-3
20.02254800E-3
20.02223000E-3
20.02225700E-3
20.02225200E-3
20.02210600E-3
20.02203100E-3
20.02198300E-3
20.02217100E-3
20.02220300E-3
20.02251600E-3
20.02281200E-3
20.02272600E-3
20.02259700E-3
20.02236000E-3
20.02251600E-3
20.02253200E-3
20.02220300E-3
20.02199300E-3
20.02219800E-3
20.02234900E-3
20.02235400E-3
20.02269400E-3
20.02265600E-3
20.02258100E-3
20.02251600E-3
20.02258100E-3
20.02221400E-3
20.02225700E-3
20.02248400E-3
20.02221400E-3
20.02245100E-3
20.02230600E-3
20.02218700E-3
20.02240300E-3
20.02217100E-3
20.02211200E-3
20.02237000E-3
20.02247300E-3
20.02251100E-3
20.02268300E-3
20.02258600E-3
20.02230000E-3
20.02210100E-3
20.02216600E-3
20.02244600E-3
