900.00000000E-9
830.00000000E-9
938.00000000E-9
911.00000000E-9
894.00000000E-9
-20.03961700E-3
-20.04619600E-3
-20.04680500E-3
-20.04679400E-3
-20.04689100E-3
-20.04685300E-3
-20.04671900E-3
-20.04655700E-3
-20.04622800E-3
-20.04595300E-3
-20.04565700E-3
-20.04563500E-3
-20.04532800E-3
-20.04477300E-3
-20.04411600E-3
-20.04330200E-3
-20.04253700E-3
-20.04206800E-3
-20.04158300E-3
-20.04122200E-3
-20.04081300E-3
-20.04041400E-3
-20.04008500E-3
-20.03960600E-3
-20.03929300E-3
-20.03909900E-3
-20.03890000E-3
-20.03862500E-3
-20.03840400E-3
-20.03812400E-3
-20.03783800E-3
-20.03754200E-3
-20.03730500E-3
-20.03689500E-3
-20.03680400E-3
-20.03665300E-3
-20.03648100E-3
-20.03614600E-3
-20.03602300E-3
-20.03588200E-3
-20.03560800E-3
-20.03550500E-3
-20.03510600E-3
-20.03488000E-3
-20.03474000E-3
-20.03463800E-3
-20.03444400E-3
-20.03423400E-3
-20.03411000E-3
-20.03402300E-3
-20.03395900E-3
-20.03385100E-3
1.22300000E-6
1.15900000E-6
1.15900000E-6
1.14800000E-6
1.13200000E-6
1.15900000E-6
1.11500000E-6
1.13200000E-6
1.10500000E-6
1.14800000E-6
1.06700000E-6
1.08300000E-6
1.09900000E-6
1.04000000E-6
1.04000000E-6
1.00800000E-6
99.00000000E+36
99.00000000E+36
517.00000000E-9
652.00000000E-9
657.00000000E-9
695.00000000E-9
722.00000000E-9
781.00000000E-9
781.00000000E-9
