   4.8600000e+03   2.2840329e+01   2.0034306e+02
   4.8840000e+03   2.2970236e+01   2.0034369e+02
   4.9180000e+03   2.3118370e+01   2.0034516e+02
   4.9280000e+03   2.3197911e+01   2.0034544e+02
   4.9380000e+03   2.3238435e+01   2.0034563e+02
   4.9480000e+03   2.3314745e+01   2.0034581e+02
   4.9670000e+03   2.3387069e+01   2.0034616e+02
   4.9770000e+03   2.3459813e+01   2.0034634e+02
   4.9870000e+03   2.3496873e+01   2.0034652e+02
   5.0110000e+03   2.3626748e+01   2.0034866e+02
   5.0300000e+03   2.3700180e+01   2.0034904e+02
   5.0400000e+03   2.3776987e+01   2.0034916e+02
   5.0450000e+03   2.3814964e+01   2.0034928e+02
   5.0790000e+03   2.3943863e+01   2.0035077e+02
   5.0880000e+03   2.4016148e+01   2.0035086e+02
   5.0980000e+03   2.4051566e+01   2.0035103e+02
   5.1080000e+03   2.4121861e+01   2.0035115e+02
   5.1280000e+03   2.4190397e+01   2.0035135e+02
   5.1380000e+03   2.4264538e+01   2.0035146e+02
   5.1480000e+03   2.4298901e+01   2.0035157e+02
   5.1580000e+03   2.4370196e+01   2.0035168e+02
   5.1680000e+03   2.4399633e+01   2.0035179e+02
   5.1780000e+03   2.4471765e+01   2.0035190e+02
   5.1980000e+03   2.4545690e+01   2.0035212e+02
   5.2080000e+03   2.4625613e+01   2.0035234e+02
   5.2310000e+03   2.4711093e+01   2.0035439e+02
   5.2410000e+03   2.4780260e+01   2.0035438e+02
   5.2610000e+03   2.4851714e+01   2.0035453e+02
   5.2710000e+03   2.4921278e+01   2.0035458e+02
   5.2810000e+03   2.4953324e+01   2.0035464e+02
   5.2910000e+03   2.5014227e+01   2.0035471e+02
   5.3010000e+03   2.5045549e+01   2.0035479e+02
   5.3110000e+03   2.5099709e+01   2.0035487e+02
   5.3310000e+03   2.5164539e+01   2.0035504e+02
   5.3400000e+03   2.5230436e+01   2.0035512e+02
   5.3510000e+03   2.5256962e+01   2.0035520e+02
   5.3740000e+03   2.5356686e+01   2.0035691e+02
   5.3940000e+03   2.5401256e+01   2.0035687e+02
   5.4030000e+03   2.5475915e+01   2.0035691e+02
   5.4230000e+03   2.5530303e+01   2.0035699e+02
   5.4330000e+03   2.5605878e+01   2.0035704e+02
   5.4430000e+03   2.5627583e+01   2.0035710e+02
   5.4530000e+03   2.5692546e+01   2.0035715e+02
   5.4630000e+03   2.5724249e+01   2.0035721e+02
   5.4730000e+03   2.5772416e+01   2.0035727e+02
   5.4930000e+03   2.5834582e+01   2.0035739e+02
   5.5030000e+03   2.5902672e+01   2.0035751e+02
   5.5130000e+03   2.5934667e+01   2.0035764e+02
   5.5230000e+03   2.5986349e+01   2.0035777e+02
   5.5330000e+03   2.6021047e+01   2.0035789e+02
   5.5430000e+03   2.6079278e+01   2.0035802e+02
   5.5770000e+03   2.6177072e+01   2.0035939e+02
   5.5860000e+03   2.6230972e+01   2.0035936e+02
   5.5960000e+03   2.6252196e+01   2.0035938e+02
   5.6060000e+03   2.6309425e+01   2.0035940e+02
   5.6260000e+03   2.6375412e+01   2.0035945e+02
   5.6360000e+03   2.6433842e+01   2.0035948e+02
   5.6460000e+03   2.6460993e+01   2.0035952e+02
   5.6560000e+03   2.6526209e+01   2.0035956e+02
   5.6660000e+03   2.6548841e+01   2.0035960e+02
   5.6760000e+03   2.6613984e+01   2.0035965e+02
   5.6960000e+03   2.6660446e+01   2.0035978e+02
   5.7060000e+03   2.6725855e+01   2.0035987e+02
   5.7160000e+03   2.6753376e+01   2.0035996e+02
   5.7260000e+03   2.6804133e+01   2.0036006e+02
   5.7360000e+03   2.6837607e+01   2.0036015e+02
   5.7460000e+03   2.6882909e+01   2.0036025e+02
   5.7650000e+03   2.6937050e+01   2.0036044e+02
   5.7750000e+03   2.6998367e+01   2.0036054e+02
   5.7850000e+03   2.7023867e+01   2.0036063e+02
   5.7950000e+03   2.7070918e+01   2.0036072e+02
   5.8150000e+03   2.7117112e+01   2.0036089e+02
   5.8390000e+03   2.7209169e+01   2.0036221e+02
   5.8490000e+03   2.7230331e+01   2.0036203e+02
   5.8580000e+03   2.7282460e+01   2.0036193e+02
   5.8780000e+03   2.7302246e+01   2.0036189e+02
   5.8880000e+03   2.7368835e+01   2.0036188e+02
   5.8980000e+03   2.7389273e+01   2.0036189e+02
   5.9080000e+03   2.7440134e+01   2.0036191e+02
   5.9180000e+03   2.7478750e+01   2.0036193e+02
   5.9280000e+03   2.7530162e+01   2.0036195e+02
   5.9480000e+03   2.7571771e+01   2.0036201e+02
   5.9580000e+03   2.7634318e+01   2.0036203e+02
   5.9680000e+03   2.7643057e+01   2.0036208e+02
   5.9780000e+03   2.7705789e+01   2.0036213e+02
   5.9880000e+03   2.7720745e+01   2.0036219e+02
   5.9970000e+03   2.7728652e+01   2.0036225e+02
   6.0070000e+03   2.7795161e+01   2.0036231e+02
   6.0170000e+03   2.7814669e+01   2.0036238e+02
   6.0270000e+03   2.7864639e+01   2.0036244e+02
   6.0370000e+03   2.7888857e+01   2.0036251e+02
   6.0470000e+03   2.7916718e+01   2.0036257e+02
   6.0670000e+03   2.7959954e+01   2.0036270e+02
   6.0770000e+03   2.8006625e+01   2.0036276e+02
   6.0870000e+03   2.8018098e+01   2.0036282e+02
   6.0970000e+03   2.8077027e+01   2.0036289e+02
   6.1170000e+03   2.8108716e+01   2.0036300e+02
   6.1270000e+03   2.8164084e+01   2.0036306e+02
   6.1370000e+03   2.8186617e+01   2.0036312e+02
   6.1470000e+03   2.8225179e+01   2.0036317e+02
   6.1660000e+03   2.8275635e+01   2.0036328e+02
   6.1760000e+03   2.8309334e+01   2.0036333e+02
   6.1860000e+03   2.8319457e+01   2.0036338e+02
   6.1960000e+03   2.8371451e+01   2.0036343e+02
   6.2060000e+03   2.8391932e+01   2.0036348e+02
   6.2160000e+03   2.8436695e+01   2.0036353e+02
   6.2360000e+03   2.8465064e+01   2.0036362e+02
   6.2460000e+03   2.8518496e+01   2.0036366e+02
   6.2560000e+03   2.8534503e+01   2.0036371e+02
   6.2800000e+03   2.8607591e+01   2.0036490e+02
   6.2900000e+03   2.8632033e+01   2.0036460e+02
   6.2990000e+03   2.8643746e+01   2.0036444e+02
   6.3090000e+03   2.8677898e+01   2.0036440e+02
   6.3190000e+03   2.8698358e+01   2.0036438e+02
   6.3290000e+03   2.8738994e+01   2.0036437e+02
   6.3390000e+03   2.8756774e+01   2.0036435e+02
   6.3490000e+03   2.8813422e+01   2.0036435e+02
   6.3690000e+03   2.8841825e+01   2.0036436e+02
   6.3790000e+03   2.8904336e+01   2.0036437e+02
   6.3890000e+03   2.8918630e+01   2.0036437e+02
   6.3990000e+03   2.8962605e+01   2.0036439e+02
   6.4090000e+03   2.8984138e+01   2.0036440e+02
   6.4190000e+03   2.9018352e+01   2.0036442e+02
   6.4390000e+03   2.9064024e+01   2.0036448e+02
   6.4490000e+03   2.9107693e+01   2.0036451e+02
   6.4590000e+03   2.9125661e+01   2.0036454e+02
   6.4680000e+03   2.9167093e+01   2.0036458e+02
   6.4880000e+03   2.9194332e+01   2.0036465e+02
   6.4980000e+03   2.9234907e+01   2.0036468e+02
   6.5080000e+03   2.9253762e+01   2.0036472e+02
   6.5180000e+03   2.9290458e+01   2.0036475e+02
   6.5280000e+03   2.9300381e+01   2.0036478e+02
   6.5380000e+03   2.9330333e+01   2.0036481e+02
   6.5580000e+03   2.9374350e+01   2.0036487e+02
   6.5680000e+03   2.9419255e+01   2.0036491e+02
   6.5780000e+03   2.9439520e+01   2.0036494e+02
   6.5880000e+03   2.9461869e+01   2.0036497e+02
   6.5980000e+03   2.9479582e+01   2.0036500e+02
   6.6080000e+03   2.9517769e+01   2.0036503e+02
   6.6280000e+03   2.9553822e+01   2.0036509e+02
   6.6380000e+03   2.9583025e+01   2.0036512e+02
   6.6480000e+03   2.9591231e+01   2.0036515e+02
   6.6580000e+03   2.9630308e+01   2.0036517e+02
   6.6680000e+03   2.9649509e+01   2.0036520e+02
   6.6770000e+03   2.9661988e+01   2.0036523e+02
   6.6870000e+03   2.9695805e+01   2.0036526e+02
   6.6970000e+03   2.9712661e+01   2.0036529e+02
   6.7070000e+03   2.9737725e+01   2.0036532e+02
   6.7170000e+03   2.9744864e+01   2.0036535e+02
   6.7270000e+03   2.9782253e+01   2.0036537e+02
   6.7470000e+03   2.9817819e+01   2.0036542e+02
   6.7570000e+03   2.9841530e+01   2.0036545e+02
   6.7670000e+03   2.9848800e+01   2.0036547e+02
   6.7770000e+03   2.9892420e+01   2.0036550e+02
   6.7870000e+03   2.9906335e+01   2.0036552e+02
   6.7970000e+03   2.9912823e+01   2.0036554e+02
   6.8070000e+03   2.9942790e+01   2.0036556e+02
   6.8170000e+03   2.9963846e+01   2.0036558e+02
   6.8270000e+03   2.9999548e+01   2.0036560e+02
   6.8370000e+03   3.0018051e+01   2.0036563e+02
   6.8470000e+03   3.0035355e+01   2.0036565e+02
   6.8660000e+03   3.0057872e+01   2.0036569e+02
   6.8760000e+03   3.0096052e+01   2.0036572e+02
   6.8860000e+03   3.0117919e+01   2.0036574e+02
   6.8960000e+03   3.0161262e+01   2.0036576e+02
   6.9160000e+03   3.0188838e+01   2.0036581e+02
   6.9260000e+03   3.0217821e+01   2.0036583e+02
   6.9360000e+03   3.0224989e+01   2.0036585e+02
   6.9460000e+03   3.0248500e+01   2.0036587e+02
   6.9560000e+03   3.0257962e+01   2.0036589e+02
   6.9660000e+03   3.0276651e+01   2.0036590e+02
   6.9860000e+03   3.0303735e+01   2.0036594e+02
   6.9960000e+03   3.0338300e+01   2.0036596e+02
   7.0060000e+03   3.0356000e+01   2.0036598e+02
   7.0160000e+03   3.0378862e+01   2.0036600e+02
   7.0260000e+03   3.0397709e+01   2.0036601e+02
   7.0360000e+03   3.0399274e+01   2.0036603e+02
   7.0560000e+03   3.0449744e+01   2.0036607e+02
   7.0660000e+03   3.0463144e+01   2.0036608e+02
   7.0760000e+03   3.0474302e+01   2.0036610e+02
   7.0860000e+03   3.0511584e+01   2.0036612e+02
   7.0960000e+03   3.0532441e+01   2.0036613e+02
   7.1050000e+03   3.0538985e+01   2.0036614e+02
   7.1150000e+03   3.0559948e+01   2.0036616e+02
   7.1250000e+03   3.0576582e+01   2.0036617e+02
   7.1350000e+03   3.0606227e+01   2.0036619e+02
   7.1450000e+03   3.0624322e+01   2.0036621e+02
   7.1550000e+03   3.0646303e+01   2.0036622e+02
   7.1750000e+03   3.0688753e+01   2.0036625e+02
   7.1850000e+03   3.0700461e+01   2.0036626e+02
   7.1950000e+03   3.0722286e+01   2.0036628e+02
   7.2050000e+03   3.0745181e+01   2.0036629e+02
   7.2150000e+03   3.0761479e+01   2.0036631e+02
   7.2250000e+03   3.0779968e+01   2.0036632e+02
   7.2450000e+03   3.0786227e+01   2.0036634e+02
   7.2550000e+03   3.0826387e+01   2.0036635e+02
   7.2650000e+03   3.0838879e+01   2.0036636e+02
   7.2750000e+03   3.0848137e+01   2.0036638e+02
   7.2850000e+03   3.0866183e+01   2.0036639e+02
   7.2950000e+03   3.0882535e+01   2.0036640e+02
   7.3150000e+03   3.0917561e+01   2.0036642e+02
   7.3250000e+03   3.0933939e+01   2.0036643e+02
   7.3350000e+03   3.0941112e+01   2.0036644e+02
   7.3450000e+03   3.0978643e+01   2.0036646e+02
   7.3550000e+03   3.0992284e+01   2.0036647e+02
   7.3650000e+03   3.1005403e+01   2.0036648e+02
   7.3850000e+03   3.1036285e+01   2.0036651e+02
   7.3950000e+03   3.1058978e+01   2.0036652e+02
   7.4190000e+03   3.1054570e+01   2.0036762e+02
   7.4280000e+03   3.1080914e+01   2.0036725e+02
   7.4480000e+03   3.1079610e+01   2.0036696e+02
   7.4580000e+03   3.1125519e+01   2.0036692e+02
   7.4680000e+03   3.1137023e+01   2.0036689e+02
   7.5880000e+03   3.0647398e+01   2.0037118e+02
   7.6110000e+03   3.0702182e+01   2.0036804e+02
   7.6360000e+03   3.0737463e+01   2.0036772e+02
   7.6460000e+03   3.0790034e+01   2.0036727e+02
   7.6550000e+03   3.0810427e+01   2.0036690e+02
   7.6650000e+03   3.0821250e+01   2.0036682e+02
   7.6750000e+03   3.0855282e+01   2.0036674e+02
   7.6850000e+03   3.0880371e+01   2.0036667e+02
   7.6950000e+03   3.0911432e+01   2.0036662e+02
   7.7150000e+03   3.0954883e+01   2.0036655e+02
   7.7250000e+03   3.0972774e+01   2.0036653e+02
   7.7350000e+03   3.0982738e+01   2.0036652e+02
   7.7450000e+03   3.1021366e+01   2.0036651e+02
   7.7550000e+03   3.1026765e+01   2.0036650e+02
   7.7650000e+03   3.1061064e+01   2.0036647e+02
   7.7740000e+03   3.1069933e+01   2.0036645e+02
   7.7840000e+03   3.1074785e+01   2.0036644e+02
   7.7940000e+03   3.1109529e+01   2.0036644e+02
   7.8040000e+03   3.1120485e+01   2.0036644e+02
   7.8140000e+03   3.1137831e+01   2.0036645e+02
   7.8340000e+03   3.1159404e+01   2.0036647e+02
   7.8440000e+03   3.1189690e+01   2.0036648e+02
   7.8540000e+03   3.1196629e+01   2.0036650e+02
   7.8640000e+03   3.1213586e+01   2.0036651e+02
   7.8740000e+03   3.1230699e+01   2.0036652e+02
   7.8840000e+03   3.1239856e+01   2.0036653e+02
   7.8930000e+03   3.1252847e+01   2.0036653e+02
   7.9030000e+03   3.1267248e+01   2.0036654e+02
   7.9130000e+03   3.1289240e+01   2.0036656e+02
   7.9230000e+03   3.1304372e+01   2.0036657e+02
   7.9330000e+03   3.1317286e+01   2.0036658e+02
   7.9530000e+03   3.1351594e+01   2.0036660e+02
   7.9630000e+03   3.1376667e+01   2.0036661e+02
   7.9730000e+03   3.1399236e+01   2.0036662e+02
   7.9830000e+03   3.1402680e+01   2.0036664e+02
   7.9930000e+03   3.1418256e+01   2.0036666e+02
   8.0030000e+03   3.1443226e+01   2.0036667e+02
   8.0230000e+03   3.1463213e+01   2.0036669e+02
   8.0320000e+03   3.1484766e+01   2.0036670e+02
   8.0420000e+03   3.1487714e+01   2.0036671e+02
   8.0520000e+03   3.1513182e+01   2.0036672e+02
   8.0720000e+03   3.1525889e+01   2.0036673e+02
   8.0820000e+03   3.1551436e+01   2.0036674e+02
   8.0920000e+03   3.1540893e+01   2.0036674e+02
   8.1020000e+03   3.1570407e+01   2.0036674e+02
   8.1120000e+03   3.1582358e+01   2.0036675e+02
   8.1220000e+03   3.1600181e+01   2.0036676e+02
   8.1420000e+03   3.1620040e+01   2.0036677e+02
   8.1520000e+03   3.1640709e+01   2.0036678e+02
   8.1620000e+03   3.1654592e+01   2.0036679e+02
   8.1720000e+03   3.1671451e+01   2.0036680e+02
   8.1910000e+03   3.1679332e+01   2.0036682e+02
   8.2010000e+03   3.1683168e+01   2.0036683e+02
   8.2110000e+03   3.1691911e+01   2.0036684e+02
   8.2210000e+03   3.1706735e+01   2.0036685e+02
   8.2410000e+03   3.1727117e+01   2.0036686e+02
   8.2510000e+03   3.1740349e+01   2.0036687e+02
   8.2610000e+03   3.1755931e+01   2.0036688e+02
   8.2710000e+03   3.1769137e+01   2.0036688e+02
   8.2810000e+03   3.1776314e+01   2.0036689e+02
   8.2910000e+03   3.1790356e+01   2.0036689e+02
   8.3110000e+03   3.1802779e+01   2.0036690e+02
   8.3210000e+03   3.1822381e+01   2.0036691e+02
   8.3310000e+03   3.1826766e+01   2.0036692e+02
   8.3410000e+03   3.1849239e+01   2.0036693e+02
   8.3510000e+03   3.1853833e+01   2.0036693e+02
   8.3600000e+03   3.1858244e+01   2.0036694e+02
   8.3700000e+03   3.1885990e+01   2.0036695e+02
   8.3800000e+03   3.1897527e+01   2.0036695e+02
   8.3900000e+03   3.1917887e+01   2.0036696e+02
   8.4000000e+03   3.1927963e+01   2.0036696e+02
   8.4100000e+03   3.1949524e+01   2.0036697e+02
   8.4300000e+03   3.1950698e+01   2.0036698e+02
   8.4400000e+03   3.1972704e+01   2.0036698e+02
   8.4500000e+03   3.1979360e+01   2.0036699e+02
   8.4600000e+03   3.2012826e+01   2.0036699e+02
   8.4700000e+03   3.2024182e+01   2.0036700e+02
   8.4800000e+03   3.2040654e+01   2.0036701e+02
   8.5000000e+03   3.2052506e+01   2.0036701e+02
   8.5100000e+03   3.2067413e+01   2.0036702e+02
   8.5200000e+03   3.2083207e+01   2.0036702e+02
   8.5300000e+03   3.2110906e+01   2.0036703e+02
   8.5400000e+03   3.2114744e+01   2.0036703e+02
   8.5490000e+03   3.2124534e+01   2.0036704e+02
   8.5590000e+03   3.2139520e+01   2.0036704e+02
   8.5690000e+03   3.2152809e+01   2.0036705e+02
   8.5790000e+03   3.2178734e+01   2.0036705e+02
   8.5890000e+03   3.2190196e+01   2.0036706e+02
   8.5990000e+03   3.2204112e+01   2.0036706e+02
   8.6190000e+03   3.2227637e+01   2.0036707e+02
   8.6290000e+03   3.2231710e+01   2.0036708e+02
   8.6390000e+03   3.2249856e+01   2.0036709e+02
   8.6490000e+03   3.2267220e+01   2.0036709e+02
   8.6590000e+03   3.2271476e+01   2.0036709e+02
   8.6690000e+03   3.2298109e+01   2.0036709e+02
   8.6890000e+03   3.2305263e+01   2.0036710e+02
   8.6990000e+03   3.2318815e+01   2.0036710e+02
   8.7090000e+03   3.2306255e+01   2.0036710e+02
   8.7190000e+03   3.2345188e+01   2.0036711e+02
   8.7290000e+03   3.2355346e+01   2.0036711e+02
   8.7390000e+03   3.2349888e+01   2.0036711e+02
   8.7580000e+03   3.2372711e+01   2.0036712e+02
   8.7680000e+03   3.2384697e+01   2.0036712e+02
   8.7780000e+03   3.2394672e+01   2.0036713e+02
   8.7880000e+03   3.2400365e+01   2.0036713e+02
   8.8080000e+03   3.2408747e+01   2.0036713e+02
   8.8180000e+03   3.2434913e+01   2.0036713e+02
   8.8280000e+03   3.2410993e+01   2.0036714e+02
   8.8380000e+03   3.2447396e+01   2.0036714e+02
   8.8480000e+03   3.2437264e+01   2.0036714e+02
   8.8580000e+03   3.2472806e+01   2.0036714e+02
   8.8780000e+03   3.2490982e+01   2.0036714e+02
   8.8880000e+03   3.2503387e+01   2.0036714e+02
   8.8980000e+03   3.2509446e+01   2.0036714e+02
   8.9080000e+03   3.2509028e+01   2.0036715e+02
   8.9270000e+03   3.2535510e+01   2.0036715e+02
   8.9370000e+03   3.2552329e+01   2.0036716e+02
   8.9470000e+03   3.2561966e+01   2.0036717e+02
   8.9570000e+03   3.2569645e+01   2.0036717e+02
   8.9770000e+03   3.2575051e+01   2.0036719e+02
   8.9870000e+03   3.2596075e+01   2.0036719e+02
   8.9970000e+03   3.2595736e+01   2.0036720e+02
   9.0070000e+03   3.2615795e+01   2.0036720e+02
   9.0170000e+03   3.2627574e+01   2.0036721e+02
   9.0270000e+03   3.2633503e+01   2.0036721e+02
   9.0470000e+03   3.2653615e+01   2.0036721e+02
   9.0570000e+03   3.2676260e+01   2.0036721e+02
   9.0670000e+03   3.2676338e+01   2.0036721e+02
   9.0770000e+03   3.2691070e+01   2.0036721e+02
   9.0870000e+03   3.2689529e+01   2.0036722e+02
   9.0970000e+03   3.2703555e+01   2.0036722e+02
   9.1170000e+03   3.2727874e+01   2.0036721e+02
   9.1270000e+03   3.2742971e+01   2.0036721e+02
   9.1370000e+03   3.2751513e+01   2.0036721e+02
   9.1460000e+03   3.2749502e+01   2.0036721e+02
   9.1660000e+03   3.2774213e+01   2.0036722e+02
   9.1760000e+03   3.2776015e+01   2.0036722e+02
   9.1860000e+03   3.2789337e+01   2.0036722e+02
   9.1960000e+03   3.2822330e+01   2.0036722e+02
   9.2060000e+03   3.2820188e+01   2.0036723e+02
   9.2160000e+03   3.2832649e+01   2.0036723e+02
   9.2360000e+03   3.2829200e+01   2.0036724e+02
   9.2460000e+03   3.2849655e+01   2.0036725e+02
   9.2560000e+03   3.2854671e+01   2.0036725e+02
   9.2660000e+03   3.2872461e+01   2.0036725e+02
   9.2760000e+03   3.2881134e+01   2.0036726e+02
   9.2860000e+03   3.2888266e+01   2.0036726e+02
   9.3060000e+03   3.2906867e+01   2.0036727e+02
   9.3150000e+03   3.2891140e+01   2.0036727e+02
   9.3250000e+03   3.2906971e+01   2.0036727e+02
   9.3350000e+03   3.2928629e+01   2.0036727e+02
   9.3550000e+03   3.2926826e+01   2.0036727e+02
   9.3650000e+03   3.2951541e+01   2.0036726e+02
   9.3750000e+03   3.2960163e+01   2.0036726e+02
   9.3850000e+03   3.2971240e+01   2.0036726e+02
   9.3950000e+03   3.2982866e+01   2.0036726e+02
   9.4050000e+03   3.2986498e+01   2.0036726e+02
   9.4250000e+03   3.2980698e+01   2.0036726e+02
   9.4350000e+03   3.3001442e+01   2.0036726e+02
   9.4450000e+03   3.3010012e+01   2.0036726e+02
   9.4550000e+03   3.3016805e+01   2.0036726e+02
   9.4650000e+03   3.3016883e+01   2.0036726e+02
   9.4750000e+03   3.3043063e+01   2.0036726e+02
   9.4950000e+03   3.3028040e+01   2.0036726e+02
   9.5050000e+03   3.3054455e+01   2.0036726e+02
   9.5150000e+03   3.3051163e+01   2.0036727e+02
   9.5240000e+03   3.3061719e+01   2.0036727e+02
   9.5440000e+03   3.3047296e+01   2.0036728e+02
   9.5540000e+03   3.3074783e+01   2.0036728e+02
   9.5640000e+03   3.3086515e+01   2.0036729e+02
   9.5740000e+03   3.3089911e+01   2.0036729e+02
   9.5940000e+03   3.3098482e+01   2.0036729e+02
   9.6040000e+03   3.3097254e+01   2.0036729e+02
   9.6140000e+03   3.3110945e+01   2.0036729e+02
   9.6240000e+03   3.3130281e+01   2.0036729e+02
   9.6340000e+03   3.3128766e+01   2.0036729e+02
   9.6440000e+03   3.3135847e+01   2.0036729e+02
   9.6640000e+03   3.3146508e+01   2.0036729e+02
   9.6740000e+03   3.3159939e+01   2.0036729e+02
   9.6840000e+03   3.3162970e+01   2.0036729e+02
   9.6940000e+03   3.3172769e+01   2.0036729e+02
   9.7130000e+03   3.3184005e+01   2.0036729e+02
   9.7230000e+03   3.3185860e+01   2.0036730e+02
   9.7330000e+03   3.3204361e+01   2.0036730e+02
   9.7430000e+03   3.3214866e+01   2.0036730e+02
   9.7530000e+03   3.3217714e+01   2.0036730e+02
   9.7630000e+03   3.3221582e+01   2.0036730e+02
   9.7830000e+03   3.3235902e+01   2.0036730e+02
   9.7930000e+03   3.3259866e+01   2.0036731e+02
   9.8030000e+03   3.3265850e+01   2.0036731e+02
   9.8130000e+03   3.3284587e+01   2.0036731e+02
   9.8230000e+03   3.3294492e+01   2.0036731e+02
   9.8330000e+03   3.3285267e+01   2.0036731e+02
   9.8530000e+03   3.3308134e+01   2.0036731e+02
   9.8630000e+03   3.3323396e+01   2.0036731e+02
   9.8730000e+03   3.3325617e+01   2.0036731e+02
   9.8830000e+03   3.3350393e+01   2.0036731e+02
   9.8930000e+03   3.3342134e+01   2.0036731e+02
   9.9030000e+03   3.3345767e+01   2.0036731e+02
   9.9220000e+03   3.3364871e+01   2.0036731e+02
   9.9320000e+03   3.3390327e+01   2.0036731e+02
   9.9420000e+03   3.3393777e+01   2.0036731e+02
   9.9520000e+03   3.3399396e+01   2.0036731e+02
   9.9720000e+03   3.3419103e+01   2.0036730e+02
   9.9820000e+03   3.3437895e+01   2.0036730e+02
   9.9920000e+03   3.3437921e+01   2.0036730e+02
   1.0002000e+04   3.3449290e+01   2.0036729e+02
   1.0012000e+04   3.3460085e+01   2.0036729e+02
   1.0022000e+04   3.3471768e+01   2.0036730e+02
   1.0042000e+04   3.3478930e+01   2.0036730e+02
   1.0052000e+04   3.3461418e+01   2.0036730e+02
   1.0062000e+04   3.3484733e+01   2.0036730e+02
   1.0072000e+04   3.3500572e+01   2.0036730e+02
   1.0082000e+04   3.3507107e+01   2.0036730e+02
   1.0092000e+04   3.3515785e+01   2.0036730e+02
