20181008, 131234,7,953.551558,108.830460,0
20181008, 131241,14,953.546197,108.830070,0
20181008, 131248,21,953.545235,108.830000,0
20181008, 131255,28,953.537126,108.829410,0
20181008, 131302,35,953.529979,108.828890,0
20181008, 131309,42,953.522694,108.828360,0
20181008, 131316,49,953.516510,108.827910,0
20181008, 131323,56,953.512661,108.827630,0
20181008, 131330,63,953.504552,108.827040,0
20181008, 131337,70,953.499467,108.826670,0
20181008, 131344,77,953.494381,108.826300,0
20181008, 131351,84,953.487647,108.825810,0
20181008, 131358,91,953.480087,108.825260,0
20181008, 131405,98,953.472116,108.824680,0
20181008, 131412,105,953.461533,108.823910,0
20181008, 131419,112,953.455348,108.823460,0
20181008, 131426,119,953.448751,108.822980,0
20181008, 131433,126,953.440917,108.822410,0
20181008, 131440,133,953.431159,108.821700,0
20181008, 131447,140,953.422638,108.821080,0
20181008, 131454,147,953.413842,108.820440,0
20181008, 131501,154,953.406145,108.819880,0
20181008, 131508,161,953.396525,108.819180,0
20181008, 131515,168,953.386355,108.818440,0
20181008, 131522,175,953.376047,108.817690,0
20181008, 131529,182,953.367389,108.817060,0
20181008, 131536,189,953.354057,108.816090,0
20181008, 131543,196,953.344162,108.815370,0
20181008, 131550,203,953.334679,108.814680,0
20181008, 131557,210,953.324509,108.813940,0
20181008, 131604,217,953.314064,108.813180,0
20181008, 131611,224,953.304582,108.812490,0
20181008, 131618,231,953.319974,108.813610,0
20181008, 131625,238,953.361204,108.816610,0
20181008, 131632,245,953.448201,108.822940,0
20181008, 131639,252,953.546610,108.830100,0
20181008, 131646,259,953.658217,108.838220,0
20181008, 131653,266,953.794297,108.848120,0
20181008, 131700,273,953.922411,108.857440,0
20181008, 131707,280,954.075002,108.868540,0
20181008, 131714,287,954.251249,108.881360,0
20181008, 131721,294,954.422284,108.893800,0
20181008, 131728,301,954.582468,108.905450,0
20181008, 131735,308,954.758064,108.918220,0
20181008, 131742,315,954.965164,108.933280,0
20181008, 131749,322,955.155089,108.947090,0
20181008, 131756,329,955.333613,108.960070,0
20181008, 131803,336,955.524255,108.973930,0
20181008, 131810,343,955.607476,108.979980,0
20181008, 131817,350,955.630448,108.981650,0
20181008, 131824,357,955.627697,108.981450,0
20181008, 131831,364,955.611190,108.980250,0
20181008, 131839,372,955.583403,108.978230,0
20181008, 131846,379,955.549702,108.975780,0
20181008, 131853,386,955.512563,108.973080,0
20181008, 131900,393,955.473911,108.970270,0
20181008, 131907,400,955.433609,108.967340,0
20181008, 131914,407,955.397296,108.964700,0
20181008, 131921,414,955.362910,108.962200,0
20181008, 131928,421,955.328937,108.959730,0
20181008, 131935,428,955.303629,108.957890,0
20181008, 131942,435,955.283136,108.956400,0
20181008, 131949,442,955.262367,108.954890,0
20181008, 131956,449,955.242699,108.953460,0
20181008, 132003,456,955.224132,108.952110,0
20181008, 132010,463,955.208315,108.950960,0
20181008, 132017,470,955.190160,108.949640,0
20181008, 132024,477,955.175169,108.948550,0
20181008, 132031,484,955.191536,108.949740,0
20181008, 132038,491,955.233484,108.952790,0
20181008, 132045,498,955.325086,108.959450,0
20181008, 132052,505,955.428244,108.966950,0
20181008, 132059,512,955.550802,108.975860,0
20181008, 132106,519,955.713260,108.987670,0
20181008, 132113,526,955.867198,108.998860,0
20181008, 132120,533,956.047011,109.011930,0
20181008, 132127,540,956.240734,109.026010,0
20181008, 132134,547,956.439012,109.040420,0
20181008, 132141,554,956.611022,109.052920,0
20181008, 132148,561,956.820340,109.068130,0
20181008, 132155,568,957.027611,109.083190,0
20181008, 132202,575,957.236688,109.098380,0
20181008, 132209,582,957.450188,109.113890,0
20181008, 132216,589,957.665496,109.129530,0
20181008, 132223,596,957.873662,109.144650,0
20181008, 132230,603,958.070969,109.158980,0
20181008, 132237,610,958.269530,109.173400,0
20181008, 132244,617,958.455299,109.186890,0
20181008, 132251,624,958.642184,109.200460,0
20181008, 132258,631,958.841893,109.214960,0
20181008, 132305,638,959.038862,109.229260,0
20181008, 132312,645,959.243837,109.244140,0
20181008, 132319,652,959.379118,109.253960,0
20181008, 132326,659,959.542375,109.265810,0
20181008, 132333,666,959.729203,109.279370,0
20181008, 132340,673,959.922522,109.293400,0
20181008, 132347,680,960.119576,109.307700,0
20181008, 132354,687,960.326569,109.322720,0
20181008, 132401,694,960.527928,109.337330,0
20181008, 132408,701,960.729854,109.351980,0
20181008, 132415,708,960.932348,109.366670,0
20181008, 132422,715,961.102874,109.379040,0
20181008, 132429,722,961.294782,109.392960,0
20181008, 132436,729,961.415284,109.401700,0
20181008, 132443,736,961.591083,109.414450,0
20181008, 132450,743,961.799714,109.429580,0
20181008, 132457,750,961.988090,109.443240,0
20181008, 132504,757,962.166136,109.456150,0
20181008, 132511,764,962.361987,109.470350,0
20181008, 132518,771,962.542957,109.483470,0
20181008, 132525,778,962.726560,109.496780,0
20181008, 132532,785,962.937907,109.512100,0
20181008, 132539,792,963.120987,109.525370,0
20181008, 132546,799,963.303805,109.538620,0
20181008, 132553,806,963.495330,109.552500,0
20181008, 132600,813,963.683143,109.566110,0
20181008, 132607,820,963.839780,109.577460,0
20181008, 132614,827,964.015887,109.590220,0
20181008, 132621,834,964.223616,109.605270,0
20181008, 132628,841,964.403615,109.618310,0
20181008, 132635,848,964.617036,109.633770,0
20181008, 132642,855,964.827714,109.649030,0
20181008, 132649,862,965.042413,109.664580,0
20181008, 132656,869,965.235037,109.678530,0
20181008, 132703,876,965.370090,109.688310,0
20181008, 132710,883,965.497417,109.697530,0
20181008, 132717,890,965.673364,109.710270,0
20181008, 132724,897,965.865622,109.724190,0
20181008, 132731,904,966.062315,109.738430,0
20181008, 132738,911,966.246038,109.751730,0
20181008, 132745,918,966.430466,109.765080,0
20181008, 132752,925,966.616426,109.778540,0
20181008, 132759,932,966.787064,109.790890,0
20181008, 132806,939,966.956331,109.803140,0
20181008, 132813,946,967.111376,109.814360,0
20181008, 132820,953,967.278177,109.826430,0
20181008, 132827,960,967.425917,109.837120,0
20181008, 132834,967,967.566616,109.847300,0
20181008, 132841,974,967.773533,109.862270,0
20181008, 132848,981,967.911902,109.872280,0
20181008, 132855,988,968.070600,109.883760,0
20181008, 132902,995,968.262904,109.897670,0
20181008, 132909,1002,968.404203,109.907890,0
20181008, 132916,1009,968.557678,109.918990,0
20181008, 132923,1016,968.684198,109.928140,0
20181008, 132930,1023,968.765922,109.934050,0
20181008, 132937,1030,968.935460,109.946310,0
20181008, 132944,1037,969.082745,109.956960,0
20181008, 132951,1044,969.172917,109.963480,0
20181008, 132958,1051,969.335015,109.975200,0
20181008, 133006,1059,969.570711,109.992240,0
20181008, 133013,1066,969.725641,110.003440,0
20181008, 133020,1073,969.860520,110.013190,0
20181008, 133027,1080,970.062922,110.027820,0
20181008, 133034,1087,970.263266,110.042300,0
20181008, 133041,1094,970.378941,110.050660,0
20181008, 133048,1101,970.518283,110.060730,0
20181008, 133055,1108,970.725167,110.075680,0
20181008, 133102,1115,970.894147,110.087890,0
20181008, 133109,1122,971.020369,110.097010,0
20181008, 133116,1129,971.150889,110.106440,0
20181008, 133123,1136,971.355195,110.121200,0
20181008, 133130,1143,971.482272,110.130380,0
20181008, 133137,1150,971.663485,110.143470,0
20181008, 133144,1157,971.845265,110.156600,0
20181008, 133151,1164,972.015843,110.168920,0
20181008, 133158,1171,972.143091,110.178110,0
20181008, 133205,1178,972.291395,110.188820,0
20181008, 133212,1185,972.476405,110.202180,0
20181008, 133219,1192,972.651042,110.214790,0
20181008, 133226,1199,972.786910,110.224600,0
20181008, 133233,1206,972.869736,110.230580,0
20181008, 133240,1213,972.986501,110.239010,0
20181008, 133247,1220,973.155356,110.251200,0
20181008, 133254,1227,973.308429,110.262250,0
20181008, 133301,1234,973.433942,110.271310,0
20181008, 133308,1241,973.595899,110.283000,0
20181008, 133315,1248,973.709095,110.291170,0
20181008, 133322,1255,973.901138,110.305030,0
20181008, 133329,1262,974.014348,110.313200,0
20181008, 133336,1269,974.193804,110.326150,0
20181008, 133343,1276,974.366343,110.338600,0
20181008, 133350,1283,974.500918,110.348310,0
20181008, 133357,1290,974.678052,110.361090,0
20181008, 133404,1297,974.822901,110.371540,0
20181008, 133411,1304,974.997701,110.384150,0
20181008, 133418,1311,975.170850,110.396640,0
20181008, 133425,1318,975.291604,110.405350,0
20181008, 133432,1325,975.446332,110.416510,0
20181008, 133439,1332,975.639202,110.430420,0
20181008, 133446,1339,975.802133,110.442170,0
20181008, 133453,1346,975.887139,110.448300,0
20181008, 133500,1353,976.076159,110.461930,0
20181008, 133507,1360,976.236206,110.473470,0
20181008, 133514,1367,976.383087,110.484060,0
20181008, 133521,1374,976.521515,110.494040,0
20181008, 133528,1381,976.653986,110.503590,0
20181008, 133535,1388,976.832659,110.516470,0
20181008, 133542,1395,976.959042,110.525580,0
20181008, 133549,1402,977.074471,110.533900,0
20181008, 133556,1409,977.180609,110.541550,0
20181008, 133603,1416,977.363482,110.554730,0
20181008, 133610,1423,977.540541,110.567490,0
20181008, 133617,1430,977.690829,110.578320,0
20181008, 133624,1437,977.826969,110.588130,0
20181008, 133631,1444,977.946047,110.596710,0
20181008, 133638,1451,978.078176,110.606230,0
20181008, 133645,1458,978.181442,110.613670,0
20181008, 133652,1465,978.324827,110.624000,0
20181008, 133659,1472,978.490015,110.635900,0
20181008, 133706,1479,978.656463,110.647890,0
20181008, 133713,1486,978.708663,110.651650,0
20181008, 133720,1493,978.816397,110.659410,0
20181008, 133727,1500,978.929412,110.667550,0
20181008, 133734,1507,979.098111,110.679700,0
20181008, 133741,1514,979.207807,110.687600,0
20181008, 133748,1521,979.203641,110.687300,0
20181008, 133755,1528,979.313479,110.695210,0
20181008, 133802,1535,979.542059,110.711670,0
20181008, 133809,1542,979.669134,110.720820,0
20181008, 133816,1549,979.778298,110.728680,0
20181008, 133823,1556,979.871772,110.735410,0
20181008, 133830,1563,980.049980,110.748240,0
20181008, 133837,1570,980.256261,110.763090,0
20181008, 133844,1577,980.376009,110.771710,0
20181008, 133851,1584,980.530912,110.782860,0
20181008, 133858,1591,980.656648,110.791910,0
20181008, 133905,1598,980.753211,110.798860,0
20181008, 133912,1605,980.903830,110.809700,0
20181008, 133919,1612,981.087391,110.822910,0
20181008, 133926,1619,981.134083,110.826270,0
20181008, 133933,1626,981.301957,110.838350,0
20181008, 133940,1633,981.469286,110.850390,0
20181008, 133947,1640,981.549202,110.856140,0
20181008, 133954,1647,981.591455,110.859180,0
20181008, 134001,1654,981.799947,110.874180,0
20181008, 134008,1661,981.946876,110.884750,0
20181008, 134015,1668,982.051135,110.892250,0
20181008, 134022,1675,982.134962,110.898280,0
20181008, 134029,1682,982.318196,110.911460,0
20181008, 134036,1689,982.447636,110.920770,0
20181008, 134043,1696,982.528556,110.926590,0
20181008, 134050,1703,982.596548,110.931480,0
20181008, 134057,1710,982.685400,110.937870,0
20181008, 134104,1717,982.827652,110.948100,0
20181008, 134111,1724,982.999672,110.960470,0
20181008, 134118,1731,983.077133,110.966040,0
20181008, 134125,1738,983.138465,110.970450,0
20181008, 134132,1745,983.296876,110.981840,0
20181008, 134140,1753,983.453489,110.993100,0
20181008, 134147,1760,983.537502,110.999140,0
20181008, 134154,1767,983.622909,111.005280,0
20181008, 134201,1774,983.764101,111.015430,0
20181008, 134208,1781,983.918935,111.026560,0
20181008, 134215,1788,984.039414,111.035220,0
20181008, 134222,1795,984.141533,111.042560,0
20181008, 134229,1802,984.245605,111.050040,0
20181008, 134236,1809,984.397546,111.060960,0
20181008, 134243,1816,984.515404,111.069430,0
20181008, 134250,1823,984.650384,111.079130,0
20181008, 134257,1830,984.695611,111.082380,0
20181008, 134304,1837,984.749745,111.086270,0
20181008, 134311,1844,984.960727,111.101430,0
20181008, 134318,1851,985.027810,111.106250,0
20181008, 134325,1858,985.137347,111.114120,0
20181008, 134332,1865,985.202347,111.118790,0
20181008, 134339,1872,985.376757,111.131320,0
20181008, 134346,1879,985.478931,111.138660,0
20181008, 134353,1886,985.528488,111.142220,0
20181008, 134400,1893,985.676330,111.152840,0
20181008, 134407,1900,985.814297,111.162750,0
20181008, 134414,1907,985.899920,111.168900,0
20181008, 134421,1914,986.048759,111.179590,0
20181008, 134428,1921,986.179644,111.188990,0
20181008, 134435,1928,986.186884,111.189510,0
20181008, 134442,1935,986.290901,111.196980,0
20181008, 134449,1942,986.421660,111.206370,0
20181008, 134456,1949,986.484326,111.210870,0
20181008, 134503,1956,986.488643,111.211180,0
20181008, 134510,1963,986.667042,111.223990,0
20181008, 134517,1970,986.776510,111.231850,0
20181008, 134524,1977,986.904369,111.241030,0
20181008, 134531,1984,986.993930,111.247460,0
20181008, 134538,1991,987.089065,111.254290,0
20181008, 134545,1998,987.245775,111.265540,0
20181008, 134552,2005,987.392186,111.276050,0
20181008, 134559,2012,987.483714,111.282620,0
20181008, 134606,2019,987.544178,111.286960,0
20181008, 134613,2026,987.684615,111.297040,0
20181008, 134620,2033,987.878704,111.310970,0
20181008, 134627,2040,987.955201,111.316460,0
20181008, 134634,2047,988.069046,111.324630,0
20181008, 134641,2054,988.190560,111.333350,0
20181008, 134648,2061,988.305809,111.341620,0
20181008, 134655,2068,988.379671,111.346920,0
20181008, 134702,2075,988.488935,111.354760,0
20181008, 134709,2082,988.632213,111.365040,0
20181008, 134716,2089,988.733404,111.372300,0
20181008, 134723,2096,988.867495,111.381920,0
20181008, 134730,2103,988.967162,111.389070,0
20181008, 134737,2110,989.063348,111.395970,0
20181008, 134744,2117,989.151174,111.402270,0
20181008, 134751,2124,989.285148,111.411880,0
20181008, 134758,2131,989.340357,111.415840,0
20181008, 134805,2138,989.430980,111.422340,0
20181008, 134812,2145,989.492606,111.426760,0
20181008, 134819,2152,989.648211,111.437920,0
20181008, 134826,2159,989.749164,111.445160,0
20181008, 134833,2166,989.819582,111.450210,0
20181008, 134840,2173,989.945643,111.459250,0
20181008, 134847,2180,989.998775,111.463060,0
20181008, 134854,2187,990.045074,111.466380,0
20181008, 134901,2194,990.159153,111.474560,0
20181008, 134908,2201,990.261242,111.481880,0
20181008, 134915,2208,990.394857,111.491460,0
20181008, 134922,2215,990.521505,111.500540,0
20181008, 134929,2222,990.635326,111.508700,0
20181008, 134936,2229,990.743851,111.516480,0
20181008, 134943,2236,990.784724,111.519410,0
20181008, 134950,2243,990.863541,111.525060,0
20181008, 134957,2250,990.958405,111.531860,0
20181008, 135004,2257,991.055364,111.538810,0
20181008, 135011,2264,991.162931,111.546520,0
20181008, 135018,2271,991.264503,111.553800,0
20181008, 135025,2278,991.356033,111.560360,0
20181008, 135032,2285,991.415334,111.564610,0
20181008, 135039,2292,991.512451,111.571570,0
20181008, 135046,2299,991.556406,111.574720,0
20181008, 135053,2306,991.627014,111.579780,0
20181008, 135100,2313,991.765726,111.589720,0
20181008, 135107,2320,991.868578,111.597090,0
20181008, 135114,2327,991.935427,111.601880,0
20181008, 135121,2334,992.017630,111.607770,0
20181008, 135128,2341,992.116585,111.614860,0
20181008, 135135,2348,992.206889,111.621330,0
20181008, 135142,2355,992.220428,111.622300,0
20181008, 135149,2362,992.341166,111.630950,0
20181008, 135156,2369,992.379412,111.633690,0
20181008, 135203,2376,992.468610,111.640080,0
20181008, 135210,2383,992.579727,111.648040,0
20181008, 135217,2390,992.712627,111.657560,0
20181008, 135224,2397,992.770285,111.661690,0
20181008, 135231,2404,992.847070,111.667190,0
20181008, 135238,2411,992.897331,111.670790,0
20181008, 135245,2418,992.936284,111.673580,0
20181008, 135252,2425,993.081490,111.683980,0
20181008, 135259,2432,993.170014,111.690320,0
20181008, 135306,2439,993.244578,111.695660,0
20181008, 135314,2447,993.279347,111.698150,0
20181008, 135321,2454,993.332689,111.701970,0
20181008, 135328,2461,993.439934,111.709650,0
20181008, 135335,2468,993.552770,111.717730,0
20181008, 135342,2475,993.634607,111.723590,0
20181008, 135349,2482,993.744100,111.731430,0
20181008, 135356,2489,993.843262,111.738530,0
20181008, 135403,2496,993.877481,111.740980,0
20181008, 135410,2503,993.936003,111.745170,0
20181008, 135417,2510,994.019808,111.751170,0
20181008, 135424,2517,994.056683,111.753810,0
20181008, 135431,2524,994.153762,111.760760,0
20181008, 135438,2531,994.261321,111.768460,0
20181008, 135445,2538,994.378525,111.776850,0
20181008, 135452,2545,994.491123,111.784910,0
20181008, 135459,2552,994.610852,111.793480,0
20181008, 135506,2559,994.657096,111.796790,0
20181008, 135513,2566,994.758670,111.804060,0
20181008, 135520,2573,994.856614,111.811070,0
20181008, 135527,2580,994.914041,111.815180,0
20181008, 135534,2587,994.952466,111.817930,0
20181008, 135541,2594,995.019957,111.822760,0
20181008, 135548,2601,995.078505,111.826950,0
20181008, 135555,2608,995.129230,111.830580,0
20181008, 135602,2615,995.191554,111.835040,0
20181008, 135609,2622,995.229425,111.837750,0
20181008, 135616,2629,995.280153,111.841380,0
20181008, 135623,2636,995.374623,111.848140,0
20181008, 135630,2643,995.485030,111.856040,0
20181008, 135637,2650,995.559942,111.861400,0
20181008, 135644,2657,995.654843,111.868190,0
20181008, 135651,2664,995.705160,111.871790,0
20181008, 135658,2671,995.777422,111.876960,0
20181008, 135705,2678,995.878482,111.884190,0
20181008, 135712,2685,995.858214,111.882740,0
20181008, 135719,2692,995.886868,111.884790,0
20181008, 135726,2699,996.042449,111.895920,0
20181008, 135733,2706,996.157499,111.904150,0
20181008, 135740,2713,996.208245,111.907780,0
20181008, 135747,2720,996.229355,111.909290,0
20181008, 135754,2727,996.289190,111.913570,0
20181008, 135801,2734,996.401315,111.921590,0
20181008, 135808,2741,996.489117,111.927870,0
20181008, 135815,2748,996.600971,111.935870,0
20181008, 135822,2755,996.636066,111.938380,0
20181008, 135829,2762,996.656620,111.939850,0
20181008, 135836,2769,996.748486,111.946420,0
20181008, 135843,2776,996.837698,111.952800,0
20181008, 135850,2783,996.919782,111.958670,0
20181008, 135857,2790,996.996694,111.964170,0
20181008, 135904,2797,997.093746,111.971110,0
20181008, 135911,2804,997.141715,111.974540,0
20181008, 135918,2811,997.211641,111.979540,0
20181008, 135925,2818,997.338073,111.988580,0
20181008, 135932,2825,997.439334,111.995820,0
20181008, 135939,2832,997.451643,111.996700,0
20181008, 135946,2839,997.502135,112.000310,0
20181008, 135953,2846,997.619210,112.008680,0
20181008, 140000,2853,997.691247,112.013830,0
20181008, 140007,2860,997.742025,112.017460,0
20181008, 140014,2867,997.829454,112.023710,0
20181008, 140021,2874,997.857432,112.025710,0
20181008, 140028,2881,997.928637,112.030800,0
20181008, 140035,2888,997.972984,112.033970,0
20181008, 140042,2895,997.962212,112.033200,0
20181008, 140049,2902,998.029922,112.038040,0
20181008, 140056,2909,998.177661,112.048600,0
20181008, 140103,2916,998.244678,112.053390,0
20181008, 140110,2923,998.243418,112.053300,0
20181008, 140117,2930,998.294347,112.056940,0
20181008, 140124,2937,998.391170,112.063860,0
20181008, 140131,2944,998.451196,112.068150,0
20181008, 140138,2951,998.478901,112.070130,0
20181008, 140145,2958,998.555721,112.075620,0
20181008, 140152,2965,998.666827,112.083560,0
20181008, 140159,2972,998.699572,112.085900,0
20181008, 140206,2979,998.754708,112.089840,0
20181008, 140213,2986,998.793191,112.092590,0
20181008, 140220,2993,998.872960,112.098290,0
20181008, 140227,3000,998.994576,112.106980,0
20181008, 140234,3007,999.067773,112.112210,0
20181008, 140241,3014,999.088347,112.113680,0
20181008, 140248,3021,999.138173,112.117240,0
20181008, 140255,3028,999.277158,112.127170,0
20181008, 140302,3035,999.303892,112.129080,0
20181008, 140309,3042,999.365200,112.133460,0
20181008, 140316,3049,999.425670,112.137780,0
20181008, 140323,3056,999.463324,112.140470,0
20181008, 140330,3063,999.387176,112.135030,0
20181008, 140337,3070,999.402014,112.136090,0
20181008, 140344,3077,999.489640,112.142350,0
20181008, 140351,3084,999.543393,112.146190,0
20181008, 140358,3091,999.505178,112.143460,0
20181008, 140405,3098,999.536394,112.145690,0
20181008, 140412,3105,999.610447,112.150980,0
20181008, 140419,3112,999.782777,112.163290,0
20181008, 140426,3119,999.844517,112.167700,0
20181008, 140433,3126,999.855437,112.168480,0
20181008, 140440,3133,999.929919,112.173800,0
20181008, 140448,3141,999.763178,112.161890,0
20181008, 140455,3148,999.501819,112.143220,0
20181008, 140502,3155,999.202696,112.121850,0
20181008, 140509,3162,998.890593,112.099550,0
20181008, 140516,3169,998.655772,112.082770,0
20181008, 140523,3176,998.431467,112.066740,0
20181008, 140530,3183,998.204383,112.050510,0
20181008, 140537,3190,997.948222,112.032200,0
20181008, 140544,3197,997.714468,112.015490,0
20181008, 140551,3204,997.500737,112.000210,0
20181008, 140558,3211,997.280870,111.984490,0
20181008, 140605,3218,997.221431,111.980240,0
20181008, 140612,3225,997.166608,111.976320,0
20181008, 140619,3232,997.235276,111.981230,0
20181008, 140626,3239,997.217515,111.979960,0
20181008, 140633,3246,997.225347,111.980520,0
20181008, 140640,3253,997.338073,111.988580,0
20181008, 140647,3260,997.392899,111.992500,0
20181008, 140654,3267,997.511367,112.000970,0
20181008, 140701,3274,997.649703,112.010860,0
20181008, 140708,3281,997.646066,112.010600,0
20181008, 140715,3288,997.700619,112.014500,0
20181008, 140722,3295,997.817004,112.022820,0
20181008, 140729,3302,997.982637,112.034660,0
20181008, 140736,3309,998.092039,112.042480,0
20181008, 140743,3316,998.150099,112.046630,0
20181008, 140750,3323,998.234604,112.052670,0
20181008, 140757,3330,998.332684,112.059680,0
20181008, 140804,3337,998.467287,112.069300,0
20181008, 140811,3344,998.508705,112.072260,0
20181008, 140818,3351,998.633942,112.081210,0
20181008, 140825,3358,998.760305,112.090240,0
20181008, 140832,3365,998.867082,112.097870,0
20181008, 140839,3372,998.922361,112.101820,0
20181008, 140846,3379,998.963087,112.104730,0
20181008, 140853,3386,999.016549,112.108550,0
20181008, 140900,3393,999.111860,112.115360,0
20181008, 140907,3400,999.223831,112.123360,0
20181008, 140914,3407,999.252804,112.125430,0
20181008, 140921,3414,999.304872,112.129150,0
20181008, 140928,3421,999.436868,112.138580,0
20181008, 140935,3428,999.484461,112.141980,0
20181008, 140942,3435,999.510497,112.143840,0
20181008, 140949,3442,999.553612,112.146920,0
20181008, 140956,3449,999.696960,112.157160,0
20181008, 141003,3456,999.755758,112.161360,0
20181008, 141010,3463,999.797337,112.164330,0
20181008, 141017,3470,999.848857,112.168010,0
20181008, 141024,3477,999.930199,112.173820,0
20181008, 141031,3484,999.964640,112.176280,0
20181008, 141038,3491,999.977801,112.177220,0
20181008, 141045,3498,1000.127194,112.187890,0
20181008, 141052,3505,1000.164438,112.190550,0
20181008, 141059,3512,1000.210365,112.193830,0
20181008, 141106,3519,1000.255452,112.197050,0
20181008, 141113,3526,1000.347309,112.203610,0
20181008, 141120,3533,1000.371954,112.205370,0
20181008, 141127,3540,1000.396460,112.207120,0
20181008, 141134,3547,1000.466196,112.212100,0
20181008, 141141,3554,1000.543497,112.217620,0
20181008, 141148,3561,1000.641666,112.224630,0
20181008, 141155,3568,1000.661553,112.226050,0
20181008, 141202,3575,1000.742781,112.231850,0
20181008, 141209,3582,1000.825272,112.237740,0
20181008, 141216,3589,1000.812107,112.236800,0
20181008, 141223,3596,1000.929755,112.245200,0
20181008, 141230,3603,1000.996285,112.249950,0
20181008, 141237,3610,1001.006370,112.250670,0
20181008, 141244,3617,1001.130891,112.259560,0
20181008, 141251,3624,1001.252056,112.268210,0
20181008, 141258,3631,1001.241270,112.267440,0
20181008, 141305,3638,1001.270546,112.269530,0
20181008, 141312,3645,1001.354175,112.275500,0
20181008, 141319,3652,1001.395361,112.278440,0
20181008, 141326,3659,1001.488240,112.285070,0
20181008, 141333,3666,1001.543437,112.289010,0
20181008, 141340,3673,1001.595552,112.292730,0
20181008, 141347,3680,1001.662100,112.297480,0
20181008, 141354,3687,1001.711276,112.300990,0
20181008, 141401,3694,1001.727108,112.302120,0
20181008, 141408,3701,1001.808090,112.307900,0
20181008, 141415,3708,1001.863854,112.311880,0
20181008, 141422,3715,1001.903647,112.314720,0
20181008, 141429,3722,1001.932090,112.316750,0
20181008, 141436,3729,1001.999067,112.321530,0
20181008, 141443,3736,1002.069268,112.326540,0
20181008, 141450,3743,1002.012658,112.322500,0
20181008, 141457,3750,1002.044606,112.324780,0
20181008, 141504,3757,1002.171140,112.333810,0
20181008, 141511,3764,1002.235321,112.338390,0
20181008, 141518,3771,1002.269233,112.340810,0
20181008, 141525,3778,1002.331033,112.345220,0
20181008, 141532,3785,1002.419322,112.351520,0
20181008, 141539,3792,1002.437681,112.352830,0
20181008, 141546,3799,1002.514202,112.358290,0
20181008, 141553,3806,1002.548678,112.360750,0
20181008, 141600,3813,1002.623240,112.366070,0
20181008, 141607,3820,1002.615671,112.365530,0
20181008, 141614,3827,1002.713781,112.372530,0
20181008, 141621,3834,1002.751064,112.375190,0
20181008, 141629,3842,1002.756110,112.375550,0
20181008, 141636,3849,1002.756671,112.375590,0
20181008, 141643,3856,1002.776714,112.377020,0
20181008, 141650,3863,1002.823669,112.380370,0
20181008, 141657,3870,1002.809372,112.379350,0
20181008, 141704,3877,1002.903285,112.386050,0
20181008, 141711,3884,1002.998883,112.392870,0
20181008, 141718,3891,1003.012761,112.393860,0
20181008, 141725,3898,1003.029862,112.395080,0
20181008, 141732,3905,1003.083831,112.398930,0
20181008, 141739,3912,1003.167520,112.404900,0
20181008, 141746,3919,1003.242240,112.410230,0
20181008, 141753,3926,1003.238455,112.409960,0
20181008, 141800,3933,1003.277007,112.412710,0
20181008, 141807,3940,1003.345562,112.417600,0
20181008, 141814,3947,1003.352431,112.418090,0
20181008, 141821,3954,1003.408791,112.422110,0
20181008, 141828,3961,1003.419165,112.422850,0
20181008, 141835,3968,1003.487303,112.427710,0
20181008, 141842,3975,1003.524457,112.430360,0
20181008, 141849,3982,1003.548012,112.432040,0
20181008, 141856,3989,1003.602132,112.435900,0
20181008, 141903,3996,1003.668732,112.440650,0
20181008, 141910,4003,1003.693410,112.442410,0
20181008, 141917,4010,1003.717106,112.444100,0
20181008, 141924,4017,1003.772212,112.448030,0
20181008, 141931,4024,1003.866160,112.454730,0
20181008, 141938,4031,1003.928140,112.459150,0
20181008, 141945,4038,1003.983811,112.463120,0
20181008, 141952,4045,1004.037520,112.466950,0
20181008, 141959,4052,1004.091651,112.470810,0
20181008, 142006,4059,1004.155038,112.475330,0
20181008, 142013,4066,1004.207489,112.479070,0
20181008, 142020,4073,1004.129655,112.473520,0
20181008, 142027,4080,1004.213800,112.479520,0
20181008, 142034,4087,1004.321930,112.487230,0
20181008, 142041,4094,1004.332028,112.487950,0
20181008, 142048,4101,1004.367792,112.490500,0
20181008, 142055,4108,1004.393738,112.492350,0
20181008, 142102,4115,1004.547601,112.503320,0
20181008, 142109,4122,1004.608616,112.507670,0
20181008, 142116,4129,1004.635827,112.509610,0
20181008, 142123,4136,1004.697125,112.513980,0
20181008, 142130,4143,1004.794895,112.520950,0
20181008, 142137,4150,1004.760808,112.518520,0
20181008, 142144,4157,1004.849463,112.524840,0
20181008, 142151,4164,1004.840906,112.524230,0
20181008, 142158,4171,1004.925776,112.530280,0
20181008, 142205,4178,1005.023274,112.537230,0
20181008, 142212,4185,1005.074620,112.540890,0
20181008, 142219,4192,1005.095243,112.542360,0
20181008, 142226,4199,1005.147854,112.546110,0
20181008, 142233,4206,1005.248307,112.553270,0
20181008, 142240,4213,1005.228384,112.551850,0
20181008, 142247,4220,1005.299798,112.556940,0
20181008, 142254,4227,1005.300500,112.556990,0
20181008, 142301,4234,1005.439124,112.566870,0
20181008, 142308,4241,1005.500721,112.571260,0
20181008, 142315,4248,1005.478832,112.569700,0
20181008, 142322,4255,1005.575510,112.576590,0
20181008, 142329,4262,1005.702362,112.585630,0
20181008, 142336,4269,1005.701941,112.585600,0
20181008, 142343,4276,1005.701941,112.585600,0
20181008, 142350,4283,1005.723832,112.587160,0
20181008, 142357,4290,1005.821361,112.594110,0
20181008, 142404,4297,1005.905562,112.600110,0
20181008, 142411,4304,1005.914684,112.600760,0
20181008, 142418,4311,1005.937560,112.602390,0
20181008, 142425,4318,1006.027238,112.608780,0
20181008, 142432,4325,1006.080710,112.612590,0
20181008, 142439,4332,1006.100779,112.614020,0
20181008, 142446,4339,1006.119165,112.615330,0
20181008, 142453,4346,1006.206183,112.621530,0
20181008, 142500,4353,1006.192008,112.620520,0
20181008, 142507,4360,1006.124498,112.615710,0
20181008, 142514,4367,1006.204078,112.621380,0
20181008, 142521,4374,1006.333769,112.630620,0
20181008, 142528,4381,1006.388370,112.634510,0
20181008, 142535,4388,1006.355104,112.632140,0
20181008, 142542,4395,1006.359034,112.632420,0
20181008, 142549,4402,1006.455605,112.639300,0
20181008, 142556,4409,1006.481714,112.641160,0
20181008, 142603,4416,1006.489294,112.641700,0
20181008, 142610,4423,1006.546144,112.645750,0
20181008, 142617,4430,1006.599767,112.649570,0
20181008, 142624,4437,1006.574640,112.647780,0
20181008, 142631,4444,1006.630369,112.651750,0
20181008, 142638,4451,1006.714317,112.657730,0
20181008, 142645,4458,1006.675431,112.654960,0
20181008, 142652,4465,1006.783246,112.662640,0
20181008, 142659,4472,1006.816096,112.664980,0
20181008, 142706,4479,1006.687504,112.655820,0
20181008, 142713,4486,1006.777490,112.662230,0
20181008, 142720,4493,1006.883203,112.669760,0
20181008, 142727,4500,1006.828731,112.665880,0
20181008, 142734,4507,1006.908052,112.671530,0
20181008, 142741,4514,1007.019808,112.679490,0
20181008, 142748,4521,1007.103206,112.685430,0
20181008, 142755,4528,1007.117528,112.686450,0
20181008, 142803,4536,1007.144064,112.688340,0
20181008, 142810,4543,1007.184221,112.691200,0
20181008, 142817,4550,1007.216796,112.693520,0
20181008, 142824,4557,1007.258639,112.696500,0
20181008, 142831,4564,1007.214549,112.693360,0
20181008, 142838,4571,1007.291074,112.698810,0
20181008, 142845,4578,1007.356929,112.703500,0
20181008, 142852,4585,1007.412957,112.707490,0
20181008, 142859,4592,1007.447360,112.709940,0
20181008, 142906,4599,1007.499177,112.713630,0
20181008, 142913,4606,1007.519258,112.715060,0
20181008, 142920,4613,1007.540463,112.716570,0
20181008, 142927,4620,1007.566864,112.718450,0
20181008, 142934,4627,1007.569532,112.718640,0
20181008, 142941,4634,1007.626687,112.722710,0
20181008, 142948,4641,1007.682580,112.726690,0
20181008, 142955,4648,1007.680755,112.726560,0
20181008, 143002,4655,1007.691709,112.727340,0
20181008, 143009,4662,1007.788612,112.734240,0
20181008, 143016,4669,1007.851952,112.738750,0
20181008, 143023,4676,1007.857289,112.739130,0
20181008, 143030,4683,1007.883834,112.741020,0
20181008, 143037,4690,1007.870772,112.740090,0
20181008, 143044,4697,1007.991981,112.748720,0
20181008, 143051,4704,1008.040297,112.752160,0
20181008, 143058,4711,1008.113757,112.757390,0
20181008, 143105,4718,1008.114178,112.757420,0
20181008, 143112,4725,1008.125696,112.758240,0
20181008, 143119,4732,1008.193399,112.763060,0
20181008, 143126,4739,1008.185112,112.762470,0
20181008, 143133,4746,1008.188343,112.762700,0
20181008, 143140,4753,1008.260542,112.767840,0
20181008, 143147,4760,1008.324737,112.772410,0
20181008, 143154,4767,1008.391322,112.777150,0
20181008, 143201,4774,1008.385703,112.776750,0
20181008, 143208,4781,1008.472518,112.782930,0
20181008, 143215,4788,1008.518456,112.786200,0
20181008, 143222,4795,1008.532785,112.787220,0
20181008, 143229,4802,1008.507639,112.785430,0
20181008, 143236,4809,1008.556668,112.788920,0
20181008, 143243,4816,1008.640539,112.794890,0
20181008, 143250,4823,1008.662315,112.796440,0
20181008, 143257,4830,1008.650232,112.795580,0
20181008, 143304,4837,1008.721883,112.800680,0
20181008, 143311,4844,1008.814892,112.807300,0
20181008, 143318,4851,1008.899334,112.813310,0
20181008, 143325,4858,1008.887813,112.812490,0
20181008, 143332,4865,1008.940783,112.816260,0
20181008, 143339,4872,1008.954834,112.817260,0
20181008, 143346,4879,1008.994457,112.820080,0
20181008, 143353,4886,1008.936287,112.815940,0
20181008, 143400,4893,1008.963124,112.817850,0
20181008, 143407,4900,1009.046306,112.823770,0
20181008, 143414,4907,1009.073284,112.825690,0
20181008, 143421,4914,1009.070474,112.825490,0
20181008, 143428,4921,1009.168976,112.832500,0
20181008, 143435,4928,1009.215629,112.835820,0
20181008, 143442,4935,1009.230665,112.836890,0
20181008, 143449,4942,1009.253991,112.838550,0
20181008, 143456,4949,1009.353203,112.845610,0
20181008, 143503,4956,1009.354046,112.845670,0
20181008, 143510,4963,1009.362338,112.846260,0
20181008, 143517,4970,1009.269449,112.839650,0
20181008, 143524,4977,1009.354608,112.845710,0
20181008, 143531,4984,1009.437382,112.851600,0
20181008, 143538,4991,1009.471110,112.854000,0
20181008, 143545,4998,1009.426139,112.850800,0
20181008, 143552,5005,1009.461413,112.853310,0
20181008, 143559,5012,1009.564990,112.860680,0
20181008, 143606,5019,1009.594363,112.862770,0
20181008, 143613,5026,1009.640743,112.866070,0
20181008, 143620,5033,1009.554309,112.859920,0
20181008, 143627,5040,1009.700335,112.870310,0
20181008, 143634,5047,1009.762880,112.874760,0
20181008, 143641,5054,1009.768221,112.875140,0
20181008, 143648,5061,1009.782417,112.876150,0
20181008, 143655,5068,1009.746716,112.873610,0
20181008, 143702,5075,1009.751214,112.873930,0
20181008, 143709,5082,1009.761896,112.874690,0
20181008, 143716,5089,1009.862814,112.881870,0
20181008, 143723,5096,1009.908918,112.885150,0
20181008, 143730,5103,1009.956568,112.888540,0
20181008, 143737,5110,1009.945464,112.887750,0
20181008, 143744,5117,1009.945885,112.887780,0
20181008, 143751,5124,1010.023336,112.893290,0
20181008, 143758,5131,1010.086733,112.897800,0
20181008, 143805,5138,1010.037253,112.894280,0
20181008, 143812,5145,1010.005906,112.892050,0
20181008, 143819,5152,1010.076331,112.897060,0
20181008, 143826,5159,1010.148022,112.902160,0
20181008, 143833,5166,1010.130310,112.900900,0
20181008, 143840,5173,1010.064242,112.896200,0
20181008, 143847,5180,1010.187102,112.904940,0
20181008, 143854,5187,1010.206080,112.906290,0
20181008, 143901,5194,1010.109505,112.899420,0
20181008, 143908,5201,1010.209032,112.906500,0
20181008, 143915,5208,1010.257391,112.909940,0
20181008, 143922,5215,1010.320512,112.914430,0
20181008, 143929,5222,1010.327119,112.914900,0
20181008, 143937,5230,1010.338788,112.915730,0
20181008, 143944,5237,1010.359313,112.917190,0
20181008, 143951,5244,1010.384900,112.919010,0
20181008, 143958,5251,1010.403739,112.920350,0
20181008, 144005,5258,1010.378292,112.918540,0
20181008, 144012,5265,1010.451961,112.923780,0
20181008, 144019,5272,1010.517336,112.928430,0
20181008, 144026,5279,1010.556000,112.931180,0
20181008, 144033,5286,1010.547845,112.930600,0
20181008, 144040,5293,1010.596914,112.934090,0
20181008, 144047,5300,1010.585947,112.933310,0
20181008, 144054,5307,1010.599445,112.934270,0
20181008, 144101,5314,1010.643312,112.937390,0
20181008, 144108,5321,1010.732314,112.943720,0
20181008, 144115,5328,1010.715582,112.942530,0
20181008, 144122,5335,1010.731892,112.943690,0
20181008, 144129,5342,1010.770137,112.946410,0
20181008, 144136,5349,1010.784620,112.947440,0
20181008, 144143,5356,1010.826944,112.950450,0
20181008, 144150,5363,1010.845083,112.951740,0
20181008, 144157,5370,1010.842411,112.951550,0
20181008, 144204,5377,1010.855066,112.952450,0
20181008, 144211,5384,1010.954622,112.959530,0
20181008, 144218,5391,1010.962075,112.960060,0
20181008, 144225,5398,1011.011152,112.963550,0
20181008, 144232,5405,1011.026480,112.964640,0
20181008, 144239,5412,1011.054604,112.966640,0
20181008, 144246,5419,1011.047292,112.966120,0
20181008, 144253,5426,1011.112401,112.970750,0
20181008, 144300,5433,1011.124355,112.971600,0
20181008, 144307,5440,1011.226172,112.978840,0
20181008, 144314,5447,1011.253314,112.980770,0
20181008, 144321,5454,1011.285520,112.983060,0
20181008, 144328,5461,1011.299302,112.984040,0
20181008, 144335,5468,1011.386358,112.990230,0
20181008, 144342,5475,1011.439663,112.994020,0
20181008, 144349,5482,1011.430802,112.993390,0
20181008, 144356,5489,1011.390015,112.990490,0
20181008, 144403,5496,1011.515050,112.999380,0
20181008, 144410,5503,1011.513081,112.999240,0
20181008, 144417,5510,1011.515753,112.999430,0
20181008, 144424,5517,1011.595221,113.005080,0
20181008, 144431,5524,1011.607177,113.005930,0
20181008, 144438,5531,1011.671317,113.010490,0
20181008, 144445,5538,1011.740522,113.015410,0
20181008, 144452,5545,1011.696073,113.012250,0
20181008, 144459,5552,1011.695510,113.012210,0
20181008, 144506,5559,1011.715624,113.013640,0
20181008, 144513,5566,1011.773859,113.017780,0
20181008, 144520,5573,1011.818450,113.020950,0
20181008, 144527,5580,1011.840113,113.022490,0
20181008, 144534,5587,1011.955463,113.030690,0
20181008, 144541,5594,1011.974032,113.032010,0
20181008, 144548,5601,1011.955744,113.030710,0
20181008, 144555,5608,1012.004277,113.034160,0
20181008, 144602,5615,1012.082354,113.039710,0
20181008, 144609,5622,1012.110350,113.041700,0
20181008, 144616,5629,1012.162966,113.045440,0
20181008, 144623,5636,1012.211503,113.048890,0
20181008, 144630,5643,1012.211644,113.048900,0
20181008, 144637,5650,1012.164654,113.045560,0
20181008, 144644,5657,1012.272844,113.053250,0
20181008, 144651,5664,1012.330951,113.057380,0
20181008, 144658,5671,1012.366266,113.059890,0
20181008, 144705,5678,1012.393842,113.061850,0
20181008, 144712,5685,1012.469539,113.067230,0
20181008, 144719,5692,1012.432394,113.064590,0
20181008, 144726,5699,1012.320117,113.056610,0
20181008, 144733,5706,1012.338126,113.057890,0
20181008, 144740,5713,1012.463630,113.066810,0
20181008, 144747,5720,1012.541862,113.072370,0
20181008, 144754,5727,1012.548897,113.072870,0
20181008, 144801,5734,1012.584074,113.075370,0
20181008, 144808,5741,1012.616860,113.077700,0
20181008, 144815,5748,1012.630790,113.078690,0
20181008, 144822,5755,1012.589281,113.075740,0
20181008, 144829,5762,1012.499791,113.069380,0
20181008, 144836,5769,1012.177738,113.046490,0
20181008, 144843,5776,1011.849959,113.023190,0
20181008, 144850,5783,1011.556401,113.002320,0
20181008, 144857,5790,1011.296489,112.983840,0
20181008, 144904,5797,1011.004824,112.963100,0
20181008, 144911,5804,1010.726830,112.943330,0
20181008, 144918,5811,1010.432981,112.922430,0
20181008, 144925,5818,1010.172060,112.903870,0
20181008, 144932,5825,1009.911307,112.885320,0
20181008, 144939,5832,1009.664636,112.867770,0
20181008, 144946,5839,1009.425577,112.850760,0
20181008, 144953,5846,1009.199328,112.834660,0
20181008, 145000,5853,1008.957784,112.817470,0
20181008, 145007,5860,1008.682545,112.797880,0
20181008, 145014,5867,1008.464511,112.782360,0
20181008, 145021,5874,1008.252395,112.767260,0
20181008, 145028,5881,1008.046618,112.752610,0
20181008, 145035,5888,1007.834818,112.737530,0
20181008, 145042,5895,1007.630198,112.722960,0
20181008, 145049,5902,1007.429105,112.708640,0
20181008, 145056,5909,1007.214971,112.693390,0
20181008, 145103,5916,1007.009699,112.678770,0
20181008, 145111,5924,1006.813990,112.664830,0
20181008, 145118,5931,1006.626018,112.651440,0
20181008, 145125,5938,1006.431322,112.637570,0
20181008, 145132,5945,1006.230886,112.623290,0
20181008, 145139,5952,1006.024571,112.608590,0
20181008, 145146,5959,1005.838342,112.595320,0
20181008, 145153,5966,1005.638795,112.581100,0
20181008, 145200,5973,1005.449787,112.567630,0
20181008, 145207,5980,1005.243256,112.552910,0
20181008, 145214,5987,1005.052735,112.539330,0
20181008, 145221,5994,1004.871347,112.526400,0
20181008, 145228,6001,1004.677066,112.512550,0
20181008, 145235,6008,1004.472983,112.498000,0
20181008, 145242,6015,1004.275087,112.483890,0
20181008, 145249,6022,1004.104272,112.471710,0
20181008, 145256,6029,1003.932207,112.459440,0
20181008, 145303,6036,1003.747814,112.446290,0
20181008, 145310,6043,1003.561472,112.433000,0
20181008, 145317,6050,1003.385938,112.420480,0
20181008, 145324,6057,1003.210698,112.407980,0
20181008, 145331,6064,1003.046123,112.396240,0
20181008, 145338,6071,1002.881559,112.384500,0
20181008, 145345,6078,1002.706213,112.371990,0
20181008, 145352,6085,1002.525834,112.359120,0
20181008, 145359,6092,1002.344487,112.346180,0
20181008, 145406,6099,1002.175905,112.334150,0
20181008, 145413,6106,1002.017002,112.322810,0
20181008, 145420,6113,1001.836532,112.309930,0
20181008, 145427,6120,1001.666583,112.297800,0
20181008, 145434,6127,1001.502249,112.286070,0
20181008, 145441,6134,1001.341568,112.274600,0
20181008, 145448,6141,1001.172352,112.262520,0
20181008, 145455,6148,1000.999646,112.250190,0
20181008, 145502,6155,1000.831854,112.238210,0
20181008, 145509,6162,1000.670656,112.226700,0
20181008, 145516,6169,1000.518990,112.215870,0
20181008, 145523,6176,1000.361452,112.204620,0
20181008, 145530,6183,1000.198463,112.192980,0
20181008, 145537,6190,1000.025544,112.180630,0
20181008, 145544,6197,999.862577,112.168990,0
20181008, 145551,6204,999.707040,112.157880,0
20181008, 145558,6211,999.546473,112.146410,0
20181008, 145605,6218,999.392635,112.135420,0
20181008, 145612,6225,999.223271,112.123320,0
20181008, 145619,6232,999.061475,112.111760,0
20181008, 145626,6239,998.911305,112.101030,0
20181008, 145633,6246,998.766882,112.090710,0
20181008, 145640,6253,998.611133,112.079580,0
20181008, 145647,6260,998.453155,112.068290,0
20181008, 145654,6267,998.307919,112.057910,0
20181008, 145701,6274,998.167168,112.047850,0
20181008, 145708,6281,998.023067,112.037550,0
20181008, 145715,6288,997.870581,112.026650,0
20181008, 145722,6295,997.722861,112.016090,0
20181008, 145729,6302,997.578086,112.005740,0
20181008, 145736,6309,997.437656,111.995700,0
20181008, 145743,6316,997.294156,111.985440,0
20181008, 145750,6323,997.145211,111.974790,0
20181008, 145757,6330,996.997113,111.964200,0
20181008, 145804,6337,996.858953,111.954320,0
20181008, 145811,6344,996.716465,111.944130,0
20181008, 145818,6351,996.568812,111.933570,0
20181008, 145825,6358,996.417253,111.922730,0
20181008, 145832,6365,996.271016,111.912270,0
20181008, 145839,6372,996.127163,111.901980,0
20181008, 145846,6379,995.986115,111.891890,0
20181008, 145853,6386,995.841720,111.881560,0
20181008, 145900,6393,995.690344,111.870730,0
20181008, 145907,6400,995.542192,111.860130,0
20181008, 145914,6407,995.397403,111.849770,0
20181008, 145921,6414,995.255417,111.839610,0
20181008, 145928,6421,995.110505,111.829240,0
20181008, 145935,6428,994.964064,111.818760,0
20181008, 145942,6435,994.822801,111.808650,0
20181008, 145949,6442,994.681127,111.798510,0
20181008, 145956,6449,994.536527,111.788160,0
20181008, 150003,6456,994.388024,111.777530,0
20181008, 150010,6463,994.241905,111.767070,0
20181008, 150017,6470,994.105012,111.757270,0
20181008, 150024,6477,993.966312,111.747340,0
20181008, 150031,6484,993.822172,111.737020,0
20181008, 150038,6491,993.679716,111.726820,0
20181008, 150045,6498,993.536570,111.716570,0
20181008, 150052,6505,993.401113,111.706870,0
20181008, 150059,6512,993.256168,111.696490,0
20181008, 150106,6519,993.118771,111.686650,0
20181008, 150113,6526,992.980124,111.676720,0
20181008, 150120,6533,992.839810,111.666670,0
20181008, 150127,6540,992.702017,111.656800,0
20181008, 150134,6547,992.566884,111.647120,0
20181008, 150141,6554,992.429524,111.637280,0
20181008, 150148,6561,992.290916,111.627350,0
20181008, 150155,6568,992.153432,111.617500,0
20181008, 150202,6575,992.015676,111.607630,0
20181008, 150209,6582,991.884208,111.598210,0
20181008, 150216,6589,991.746886,111.588370,0
20181008, 150223,6596,991.607757,111.578400,0
20181008, 150230,6603,991.467520,111.568350,0
20181008, 150237,6610,991.324500,111.558100,0
20181008, 150245,6618,991.189161,111.548400,0
20181008, 150252,6625,991.058155,111.539010,0
20181008, 150259,6632,990.923528,111.529360,0
20181008, 150306,6639,990.783608,111.519330,0
20181008, 150313,6646,990.647601,111.509580,0
20181008, 150320,6653,990.511601,111.499830,0
20181008, 150327,6660,990.374912,111.490030,0
20181008, 150334,6667,990.242135,111.480510,0
20181008, 150341,6674,990.114246,111.471340,0
20181008, 150348,6681,989.981064,111.461790,0
20181008, 150355,6688,989.847471,111.452210,0
20181008, 150402,6695,989.715698,111.442760,0
20181008, 150409,6702,989.587557,111.433570,0
20181008, 150416,6709,989.456216,111.424150,0
20181008, 150423,6716,989.326833,111.414870,0
20181008, 150430,6723,989.196063,111.405490,0
20181008, 150437,6730,989.065439,111.396120,0
20181008, 150444,6737,988.935519,111.386800,0
20181008, 150451,6744,988.807000,111.377580,0
20181008, 150458,6751,988.676257,111.368200,0
20181008, 150505,6758,988.546496,111.358890,0
20181008, 150512,6765,988.420087,111.349820,0
20181008, 150519,6772,988.292012,111.340630,0
20181008, 150526,6779,988.170632,111.331920,0
20181008, 150533,6786,988.048422,111.323150,0
20181008, 150540,6793,987.922038,111.314080,0
20181008, 150547,6800,987.794407,111.304920,0
20181008, 150554,6807,987.670822,111.296050,0
20181008, 150601,6814,987.546964,111.287160,0
20181008, 150608,6821,987.425760,111.278460,0
20181008, 150615,6828,987.303865,111.269710,0
20181008, 150622,6835,987.183647,111.261080,0
20181008, 150629,6842,987.061764,111.252330,0
20181008, 150636,6849,986.941697,111.243710,0
20181008, 150643,6856,986.824422,111.235290,0
20181008, 150650,6863,986.707291,111.226880,0
20181008, 150657,6870,986.588495,111.218350,0
20181008, 150704,6877,986.470818,111.209900,0
20181008, 150711,6884,986.353007,111.201440,0
20181008, 150718,6891,986.234228,111.192910,0
20181008, 150725,6898,986.116846,111.184480,0
20181008, 150732,6905,986.003229,111.176320,0
20181008, 150739,6912,985.892402,111.168360,0
20181008, 150746,6919,985.776707,111.160050,0
20181008, 150753,6926,985.667003,111.152170,0
20181008, 150800,6933,985.554520,111.144090,0
20181008, 150807,6940,985.445244,111.136240,0
20181008, 150814,6947,985.332771,111.128160,0
20181008, 150821,6954,985.219468,111.120020,0
20181008, 150828,6961,985.110763,111.112210,0
20181008, 150835,6968,985.002201,111.104410,0
20181008, 150842,6975,984.894480,111.096670,0
20181008, 150849,6982,984.786485,111.088910,0
20181008, 150856,6989,984.679608,111.081230,0
20181008, 150903,6996,984.574962,111.073710,0
20181008, 150910,7003,984.468928,111.066090,0
20181008, 150917,7010,984.360256,111.058280,0
20181008, 150924,7017,984.255205,111.050730,0
20181008, 150931,7024,984.151412,111.043270,0
20181008, 150938,7031,984.048179,111.035850,0
20181008, 150945,7038,983.944115,111.028370,0
20181008, 150952,7045,983.840612,111.020930,0
20181008, 150959,7052,983.737253,111.013500,0
20181008, 151006,7059,983.636541,111.006260,0
20181008, 151013,7066,983.536807,110.999090,0
20181008, 151020,7073,983.438884,110.992050,0
20181008, 151027,7080,983.339853,110.984930,0
20181008, 151034,7087,983.244025,110.978040,0
20181008, 151041,7094,983.145975,110.970990,0
20181008, 151048,7101,983.048763,110.964000,0
20181008, 151055,7108,982.948913,110.956820,0
20181008, 151102,7115,982.849206,110.949650,0
20181008, 151109,7122,982.750198,110.942530,0
20181008, 151116,7129,982.652445,110.935500,0
20181008, 151123,7136,982.556365,110.928590,0
20181008, 151130,7143,982.458620,110.921560,0
20181008, 151137,7150,982.363381,110.914710,0
20181008, 151144,7157,982.265087,110.907640,0
20181008, 151151,7164,982.167632,110.900630,0
20181008, 151158,7171,982.064758,110.893230,0
20181008, 151205,7178,981.968005,110.886270,0
20181008, 151212,7185,981.867920,110.879070,0
20181008, 151219,7192,981.770062,110.872030,0
20181008, 151226,7199,981.671653,110.864950,0
20181008, 151233,7206,981.573386,110.857880,0
20181008, 151240,7213,981.478042,110.851020,0
20181008, 151247,7220,981.381034,110.844040,0
20181008, 151254,7227,981.289310,110.837440,0
20181008, 151301,7234,981.196339,110.830750,0
20181008, 151308,7241,981.105456,110.824210,0
20181008, 151315,7248,981.012353,110.817510,0
20181008, 151322,7255,980.919670,110.810840,0
20181008, 151329,7262,980.822684,110.803860,0
20181008, 151336,7269,980.729174,110.797130,0
20181008, 151343,7276,980.637057,110.790500,0
20181008, 151350,7283,980.543138,110.783740,0
20181008, 151357,7290,980.450195,110.777050,0
20181008, 151404,7297,980.354893,110.770190,0
20181008, 151411,7304,980.262651,110.763550,0
20181008, 151418,7311,980.169163,110.756820,0
20181008, 151426,7319,980.077900,110.750250,0
20181008, 151433,7326,979.984001,110.743490,0
20181008, 151440,7333,979.891912,110.736860,0
20181008, 151447,7340,979.801771,110.730370,0
20181008, 151454,7347,979.708855,110.723680,0
20181008, 151501,7354,979.618997,110.717210,0
20181008, 151508,7361,979.529282,110.710750,0
20181008, 151515,7368,979.437071,110.704110,0
20181008, 151522,7375,979.348473,110.697730,0
20181008, 151529,7382,979.259462,110.691320,0
20181008, 151536,7389,979.169760,110.684860,0
20181008, 151543,7396,979.078533,110.678290,0
20181008, 151550,7403,978.991198,110.672000,0
20181008, 151557,7410,978.905948,110.665860,0
20181008, 151604,7417,978.820285,110.659690,0
20181008, 151611,7424,978.732403,110.653360,0
20181008, 151618,7431,978.646884,110.647200,0
20181008, 151625,7438,978.558315,110.640820,0
20181008, 151632,7445,978.472108,110.634610,0
20181008, 151639,7452,978.387431,110.628510,0
20181008, 151646,7459,978.301924,110.622350,0
20181008, 151653,7466,978.216004,110.616160,0
20181008, 151700,7473,978.135222,110.610340,0
20181008, 151707,7480,978.053054,110.604420,0
20181008, 151714,7487,977.970612,110.598480,0
20181008, 151721,7494,977.887062,110.592460,0
20181008, 151728,7501,977.807401,110.586720,0
20181008, 151735,7508,977.724828,110.580770,0
20181008, 151742,7515,977.642397,110.574830,0
20181008, 151749,7522,977.562605,110.569080,0
20181008, 151756,7529,977.485313,110.563510,0
20181008, 151803,7536,977.409689,110.558060,0
20181008, 151810,7543,977.333095,110.552540,0
20181008, 151817,7550,977.256227,110.547000,0
20181008, 151824,7557,977.183245,110.541740,0
20181008, 151831,7564,977.105410,110.536130,0
20181008, 151838,7571,977.031184,110.530780,0
20181008, 151845,7578,976.955712,110.525340,0
20181008, 151852,7585,976.882879,110.520090,0
20181008, 151859,7592,976.808798,110.514750,0
20181008, 151906,7599,976.736662,110.509550,0
20181008, 151913,7606,976.663835,110.504300,0
20181008, 151920,7613,976.592951,110.499190,0
20181008, 151927,7620,976.521515,110.494040,0
20181008, 151934,7627,976.448971,110.488810,0
20181008, 151941,7634,976.380590,110.483880,0
20181008, 151948,7641,976.310270,110.478810,0
20181008, 151955,7648,976.242586,110.473930,0
20181008, 152002,7655,976.171437,110.468800,0
20181008, 152009,7662,976.102232,110.463810,0
20181008, 152016,7669,976.033583,110.458860,0
20181008, 152023,7676,975.966046,110.453990,0
20181008, 152030,7683,975.899897,110.449220,0
20181008, 152037,7690,975.832224,110.444340,0
20181008, 152044,7697,975.765247,110.439510,0
20181008, 152051,7704,975.700629,110.434850,0
20181008, 152058,7711,975.634626,110.430090,0
20181008, 152105,7718,975.570150,110.425440,0
20181008, 152112,7725,975.506091,110.420820,0
20181008, 152119,7732,975.440925,110.416120,0
20181008, 152126,7739,975.378949,110.411650,0
20181008, 152133,7746,975.313232,110.406910,0
20181008, 152140,7753,975.247655,110.402180,0
20181008, 152147,7760,975.184436,110.397620,0
20181008, 152154,7767,975.119417,110.392930,0
20181008, 152201,7774,975.056063,110.388360,0
20181008, 152208,7781,974.992156,110.383750,0
20181008, 152215,7788,974.926865,110.379040,0
20181008, 152222,7795,974.862684,110.374410,0
20181008, 152229,7802,974.799336,110.369840,0
20181008, 152236,7809,974.736268,110.365290,0
20181008, 152243,7816,974.672508,110.360690,0
20181008, 152250,7823,974.609303,110.356130,0
20181008, 152257,7830,974.546794,110.351620,0
20181008, 152304,7837,974.482346,110.346970,0
20181008, 152311,7844,974.418315,110.342350,0
20181008, 152318,7851,974.358443,110.338030,0
20181008, 152325,7858,974.294693,110.333430,0
20181008, 152332,7865,974.231360,110.328860,0
20181008, 152339,7872,974.170384,110.324460,0
20181008, 152346,7879,974.108440,110.319990,0
20181008, 152353,7886,974.044973,110.315410,0
20181008, 152400,7893,973.983170,110.310950,0
20181008, 152407,7900,973.920537,110.306430,0
20181008, 152414,7907,973.856521,110.301810,0
20181008, 152421,7914,973.795139,110.297380,0
20181008, 152428,7921,973.732926,110.292890,0
20181008, 152435,7928,973.671132,110.288430,0
20181008, 152442,7935,973.607953,110.283870,0
20181008, 152449,7942,973.544637,110.279300,0
20181008, 152456,7949,973.483816,110.274910,0
20181008, 152503,7956,973.422027,110.270450,0
20181008, 152510,7963,973.359409,110.265930,0
20181008, 152517,7970,973.297346,110.261450,0
20181008, 152524,7977,973.236947,110.257090,0
20181008, 152531,7984,973.173779,110.252530,0
20181008, 152538,7991,973.111305,110.248020,0
20181008, 152545,7998,973.051188,110.243680,0
20181008, 152552,8005,972.989410,110.239220,0
20181008, 152600,8013,972.928603,110.234830,0
20181008, 152607,8020,972.867105,110.230390,0
20181008, 152614,8027,972.807270,110.226070,0
20181008, 152621,8034,972.747298,110.221740,0
20181008, 152628,8041,972.685943,110.217310,0
20181008, 152635,8048,972.624036,110.212840,0
20181008, 152642,8055,972.566284,110.208670,0
20181008, 152649,8062,972.505210,110.204260,0
20181008, 152656,8069,972.446769,110.200040,0
20181008, 152703,8076,972.385698,110.195630,0
20181008, 152710,8083,972.327260,110.191410,0
20181008, 152717,8090,972.263838,110.186830,0
20181008, 152724,8097,972.204156,110.182520,0
20181008, 152731,8104,972.144476,110.178210,0
20181008, 152738,8111,972.084382,110.173870,0
20181008, 152745,8118,972.025673,110.169630,0
20181008, 152752,8125,971.967105,110.165400,0
20181008, 152759,8132,971.910892,110.161340,0
20181008, 152806,8139,971.853157,110.157170,0
20181008, 152813,8146,971.793900,110.152890,0
20181008, 152820,8153,971.736445,110.148740,0
20181008, 152827,8160,971.677329,110.144470,0
20181008, 152834,8167,971.620292,110.140350,0
20181008, 152841,8174,971.562287,110.136160,0
20181008, 152848,8181,971.506636,110.132140,0
20181008, 152855,8188,971.449326,110.128000,0
20181008, 152902,8195,971.394647,110.124050,0
20181008, 152909,8202,971.339415,110.120060,0
20181008, 152916,8209,971.284462,110.116090,0
20181008, 152923,8216,971.230201,110.112170,0
20181008, 152930,8223,971.174558,110.108150,0
20181008, 152937,8230,971.121961,110.104350,0
20181008, 152944,8237,971.067981,110.100450,0
20181008, 152951,8244,971.016079,110.096700,0
20181008, 152958,8251,970.965838,110.093070,0
20181008, 153005,8258,970.914768,110.089380,0
20181008, 153012,8265,970.860931,110.085490,0
20181008, 153019,8272,970.809586,110.081780,0
20181008, 153026,8279,970.759073,110.078130,0
20181008, 153033,8286,970.705516,110.074260,0
20181008, 153040,8293,970.655835,110.070670,0
20181008, 153047,8300,970.605602,110.067040,0
20181008, 153054,8307,970.556199,110.063470,0
20181008, 153101,8314,970.506798,110.059900,0
20181008, 153108,8321,970.461134,110.056600,0
20181008, 153115,8328,970.416301,110.053360,0
20181008, 153122,8335,970.368286,110.049890,0
20181008, 153129,8342,970.323040,110.046620,0
20181008, 153136,8349,970.280146,110.043520,0
20181008, 153143,8356,970.236008,110.040330,0
20181008, 153150,8363,970.194085,110.037300,0
20181008, 153157,8370,970.149256,110.034060,0
20181008, 153204,8377,970.107057,110.031010,0
20181008, 153211,8384,970.064583,110.027940,0
20181008, 153218,8391,970.020725,110.024770,0
20181008, 153225,8398,969.977698,110.021660,0
20181008, 153232,8405,969.935918,110.018640,0
20181008, 153239,8412,969.893031,110.015540,0
20181008, 153246,8419,969.851943,110.012570,0
20181008, 153253,8426,969.809888,110.009530,0
20181008, 153300,8433,969.766865,110.006420,0
20181008, 153307,8440,969.725226,110.003410,0
20181008, 153314,8447,969.683449,110.000390,0
20181008, 153321,8454,969.642918,109.997460,0
20181008, 153328,8461,969.602111,109.994510,0
20181008, 153335,8468,969.558815,109.991380,0
20181008, 153342,8475,969.518286,109.988450,0
20181008, 153349,8482,969.478726,109.985590,0
20181008, 153356,8489,969.434740,109.982410,0
20181008, 153403,8496,969.394628,109.979510,0
20181008, 153410,8503,969.354378,109.976600,0
20181008, 153417,8510,969.313023,109.973610,0
20181008, 153424,8517,969.269732,109.970480,0
20181008, 153431,8524,969.229484,109.967570,0
20181008, 153438,8531,969.187854,109.964560,0
20181008, 153445,8538,969.146778,109.961590,0
20181008, 153452,8545,969.105426,109.958600,0
20181008, 153459,8552,969.064351,109.955630,0
20181008, 153506,8559,969.022309,109.952590,0
20181008, 153513,8566,968.983171,109.949760,0
20181008, 153520,8573,968.941545,109.946750,0
20181008, 153527,8580,968.899090,109.943680,0
20181008, 153534,8587,968.858295,109.940730,0
20181008, 153541,8594,968.816533,109.937710,0
20181008, 153548,8601,968.774633,109.934680,0
20181008, 153555,8608,968.731766,109.931580,0
20181008, 153602,8615,968.690974,109.928630,0
20181008, 153609,8622,968.648108,109.925530,0
20181008, 153616,8629,968.605935,109.922480,0
20181008, 153623,8636,968.564177,109.919460,0
20181008, 153630,8643,968.521728,109.916390,0
20181008, 153637,8650,968.480248,109.913390,0
20181008, 153644,8657,968.437663,109.910310,0
20181008, 153651,8664,968.395216,109.907240,0
20181008, 153658,8671,968.352909,109.904180,0
20181008, 153705,8678,968.308390,109.900960,0
20181008, 153712,8685,968.268019,109.898040,0
20181008, 153719,8692,968.226543,109.895040,0
20181008, 153726,8699,968.183133,109.891900,0
20181008, 153734,8707,968.139999,109.888780,0
20181008, 153741,8714,968.097696,109.885720,0
20181008, 153748,8721,968.056638,109.882750,0
20181008, 153755,8728,968.013921,109.879660,0
20181008, 153802,8735,967.971343,109.876580,0
20181008, 153809,8742,967.928628,109.873490,0
20181008, 153816,8749,967.886052,109.870410,0
20181008, 153823,8756,967.843753,109.867350,0
20181008, 153830,8763,967.802008,109.864330,0
20181008, 153837,8770,967.755425,109.860960,0
20181008, 153844,8777,967.713405,109.857920,0
20181008, 153851,8784,967.668759,109.854690,0
20181008, 153858,8791,967.626740,109.851650,0
20181008, 153905,8798,967.584446,109.848590,0
20181008, 153912,8805,967.542014,109.845520,0
20181008, 153919,8812,967.499029,109.842410,0
20181008, 153926,8819,967.453835,109.839140,0
20181008, 153933,8826,967.410437,109.836000,0
20181008, 153940,8833,967.367179,109.832870,0
20181008, 153947,8840,967.321987,109.829600,0
20181008, 153954,8847,967.280664,109.826610,0
20181008, 154001,8854,967.238238,109.823540,0
20181008, 154008,8861,967.196779,109.820540,0
20181008, 154015,8868,967.153524,109.817410,0
20181008, 154022,8875,967.110546,109.814300,0
20181008, 154029,8882,967.070195,109.811380,0
20181008, 154036,8889,967.032056,109.808620,0
20181008, 154043,8896,966.992258,109.805740,0
20181008, 154050,8903,966.949560,109.802650,0
20181008, 154057,8910,966.910040,109.799790,0
20181008, 154104,8917,966.870107,109.796900,0
20181008, 154111,8924,966.830174,109.794010,0
20181008, 154118,8931,966.792038,109.791250,0
20181008, 154125,8938,966.756666,109.788690,0
20181008, 154132,8945,966.717840,109.785880,0
20181008, 154139,8952,966.680811,109.783200,0
20181008, 154146,8959,966.643230,109.780480,0
20181008, 154153,8966,966.606479,109.777820,0
20181008, 154200,8973,966.569037,109.775110,0
20181008, 154207,8980,966.533392,109.772530,0
20181008, 154214,8987,966.499543,109.770080,0
20181008, 154221,8994,966.464037,109.767510,0
20181008, 154228,9001,966.429637,109.765020,0
20181008, 154235,9008,966.396342,109.762610,0
20181008, 154242,9015,966.361943,109.760120,0
20181008, 154249,9022,966.329616,109.757780,0
20181008, 154256,9029,966.298395,109.755520,0
20181008, 154303,9036,966.267865,109.753310,0
20181008, 154310,9043,966.233606,109.750830,0
20181008, 154317,9050,966.202248,109.748560,0
20181008, 154324,9057,966.170752,109.746280,0
20181008, 154331,9064,966.139395,109.744010,0
20181008, 154338,9071,966.109833,109.741870,0
20181008, 154345,9078,966.082483,109.739890,0
20181008, 154352,9085,966.049745,109.737520,0
20181008, 154359,9092,966.020876,109.735430,0
20181008, 154406,9099,965.992974,109.733410,0
20181008, 154413,9106,965.963276,109.731260,0
20181008, 154420,9113,965.934132,109.729150,0
20181008, 154427,9120,965.903606,109.726940,0
20181008, 154434,9127,965.875153,109.724880,0
20181008, 154441,9134,965.847390,109.722870,0
20181008, 154448,9141,965.818799,109.720800,0
20181008, 154455,9148,965.790899,109.718780,0
20181008, 154502,9155,965.762033,109.716690,0
20181008, 154509,9162,965.732614,109.714560,0
20181008, 154516,9169,965.704716,109.712540,0
20181008, 154523,9176,965.676264,109.710480,0
20181008, 154530,9183,965.649057,109.708510,0
20181008, 154537,9190,965.618535,109.706300,0
20181008, 154544,9197,965.588427,109.704120,0
20181008, 154551,9204,965.557353,109.701870,0
20181008, 154558,9211,965.527799,109.699730,0
20181008, 154605,9218,965.498245,109.697590,0
20181008, 154612,9225,965.467034,109.695330,0
20181008, 154619,9232,965.437481,109.693190,0
20181008, 154626,9239,965.409309,109.691150,0
20181008, 154633,9246,965.381138,109.689110,0
20181008, 154640,9253,965.352690,109.687050,0
20181008, 154647,9260,965.324105,109.684980,0
20181008, 154654,9267,965.294139,109.682810,0
20181008, 154701,9274,965.265417,109.680730,0
20181008, 154708,9281,965.234899,109.678520,0
20181008, 154715,9288,965.202587,109.676180,0
20181008, 154722,9295,965.172347,109.673990,0
20181008, 154729,9302,965.144040,109.671940,0
20181008, 154736,9309,965.113248,109.669710,0
20181008, 154743,9316,965.084941,109.667660,0
20181008, 154750,9323,965.055255,109.665510,0
20181008, 154757,9330,965.025430,109.663350,0
20181008, 154804,9337,964.992844,109.660990,0
20181008, 154811,9344,964.963711,109.658880,0
20181008, 154818,9351,964.933197,109.656670,0
20181008, 154825,9358,964.901441,109.654370,0
20181008, 154832,9365,964.868305,109.651970,0
20181008, 154839,9372,964.838621,109.649820,0
20181008, 154846,9379,964.805623,109.647430,0
20181008, 154853,9386,964.772350,109.645020,0
20181008, 154900,9393,964.740596,109.642720,0
20181008, 154908,9401,964.708981,109.640430,0
20181008, 154915,9408,964.675847,109.638030,0
20181008, 154922,9415,964.641471,109.635540,0
20181008, 154929,9422,964.607924,109.633110,0
20181008, 154936,9429,964.571617,109.630480,0
20181008, 154943,9436,964.538623,109.628090,0
20181008, 154950,9443,964.506044,109.625730,0
20181008, 154957,9450,964.475536,109.623520,0
20181008, 155004,9457,964.443647,109.621210,0
20181008, 155011,9464,964.408861,109.618690,0
20181008, 155018,9471,964.374765,109.616220,0
20181008, 155025,9478,964.343292,109.613940,0
20181008, 155032,9485,964.312509,109.611710,0
20181008, 155039,9492,964.280761,109.609410,0
20181008, 155046,9499,964.247771,109.607020,0
20181008, 155053,9506,964.215058,109.604650,0
20181008, 155100,9513,964.183035,109.602330,0
20181008, 155107,9520,964.151840,109.600070,0
20181008, 155114,9527,964.118438,109.597650,0
20181008, 155121,9534,964.083242,109.595100,0
20181008, 155128,9541,964.051220,109.592780,0
20181008, 155135,9548,964.019614,109.590490,0
20181008, 155142,9555,963.987455,109.588160,0
20181008, 155149,9562,963.954607,109.585780,0
20181008, 155156,9569,963.922173,109.583430,0
20181008, 155203,9576,963.892086,109.581250,0
20181008, 155210,9583,963.860343,109.578950,0
20181008, 155217,9590,963.829291,109.576700,0
20181008, 155224,9597,963.799481,109.574540,0
20181008, 155231,9604,963.770085,109.572410,0
20181008, 155238,9611,963.738620,109.570130,0
20181008, 155245,9618,963.710467,109.568090,0
20181008, 155252,9625,963.681211,109.565970,0
20181008, 155259,9632,963.653059,109.563930,0
20181008, 155306,9639,963.621043,109.561610,0
20181008, 155313,9646,963.590822,109.559420,0
20181008, 155320,9653,963.561152,109.557270,0
20181008, 155327,9660,963.532726,109.555210,0
20181008, 155334,9667,963.504851,109.553190,0
20181008, 155341,9674,963.478771,109.551300,0
20181008, 155348,9681,963.451725,109.549340,0
20181008, 155355,9688,963.422609,109.547230,0
20181008, 155402,9695,963.397772,109.545430,0
20181008, 155409,9702,963.372520,109.543600,0
20181008, 155416,9709,963.346166,109.541690,0
20181008, 155423,9716,963.318983,109.539720,0
20181008, 155430,9723,963.294422,109.537940,0
20181008, 155437,9730,963.268896,109.536090,0
20181008, 155444,9737,963.245164,109.534370,0
20181008, 155451,9744,963.222536,109.532730,0
20181008, 155458,9751,963.197976,109.530950,0
20181008, 155505,9758,963.172313,109.529090,0
20181008, 155512,9765,963.146926,109.527250,0
20181008, 155519,9772,963.124299,109.525610,0
20181008, 155526,9779,963.099602,109.523820,0
20181008, 155533,9786,963.077389,109.522210,0
20181008, 155540,9793,963.056970,109.520730,0
20181008, 155547,9800,963.035447,109.519170,0
20181008, 155554,9807,963.013786,109.517600,0
20181008, 155601,9814,962.992264,109.516040,0
20181008, 155608,9821,962.970466,109.514460,0
20181008, 155615,9828,962.948806,109.512890,0
20181008, 155622,9835,962.930181,109.511540,0
20181008, 155629,9842,962.909901,109.510070,0
20181008, 155636,9849,962.888655,109.508530,0
20181008, 155643,9856,962.866444,109.506920,0
20181008, 155650,9863,962.844647,109.505340,0
20181008, 155657,9870,962.822712,109.503750,0
20181008, 155704,9877,962.802709,109.502300,0
20181008, 155711,9884,962.781740,109.500780,0
20181008, 155718,9891,962.763117,109.499430,0
20181008, 155725,9898,962.743390,109.498000,0
20181008, 155732,9905,962.724353,109.496620,0
20181008, 155739,9912,962.706144,109.495300,0
20181008, 155746,9919,962.686003,109.493840,0
20181008, 155753,9926,962.668070,109.492540,0
20181008, 155800,9933,962.648758,109.491140,0
20181008, 155807,9940,962.629170,109.489720,0
20181008, 155814,9947,962.609168,109.488270,0
20181008, 155821,9954,962.588477,109.486770,0
20181008, 155828,9961,962.568338,109.485310,0
20181008, 155835,9968,962.546267,109.483710,0
20181008, 155842,9975,962.524197,109.482110,0
20181008, 155849,9982,962.502817,109.480560,0
20181008, 155856,9989,962.482678,109.479100,0
20181008, 155903,9996,962.461574,109.477570,0
20181008, 155910,10003,962.439918,109.476000,0
20181008, 155917,10010,962.418401,109.474440,0
20181008, 155924,10017,962.395642,109.472790,0
20181008, 155931,10024,962.373573,109.471190,0
20181008, 155938,10031,962.351643,109.469600,0
20181008, 155945,10038,962.327919,109.467880,0
20181008, 155952,10045,962.305575,109.466260,0
20181008, 155959,10052,962.283921,109.464690,0
20181008, 160006,10059,962.258957,109.462880,0
20181008, 160013,10066,962.235510,109.461180,0
20181008, 160020,10073,962.210960,109.459400,0
20181008, 160027,10080,962.186824,109.457650,0
20181008, 160034,10087,962.163653,109.455970,0
20181008, 160042,10095,962.139242,109.454200,0
20181008, 160049,10102,962.117175,109.452600,0
20181008, 160056,10109,962.092764,109.450830,0
20181008, 160103,10116,962.069181,109.449120,0
20181008, 160110,10123,962.044219,109.447310,0
20181008, 160117,10130,962.018016,109.445410,0
20181008, 160124,10137,961.994434,109.443700,0
20181008, 160131,10144,961.970713,109.441980,0
20181008, 160138,10151,961.947131,109.440270,0
20181008, 160145,10158,961.920102,109.438310,0
