20181017, 165508,6,955.392207,108.964330,0
20181017, 165514,12,955.396058,108.964610,0
20181017, 165520,18,955.399635,108.964870,0
20181017, 165526,24,955.403761,108.965170,0
20181017, 165532,30,955.408162,108.965490,0
20181017, 165538,36,955.410776,108.965680,0
20181017, 165544,42,955.413252,108.965860,0
20181017, 165550,48,955.417791,108.966190,0
20181017, 165556,54,955.419854,108.966340,0
20181017, 165602,60,955.422880,108.966560,0
20181017, 165608,66,955.424806,108.966700,0
20181017, 165614,72,955.426731,108.966840,0
20181017, 165620,78,955.428932,108.967000,0
20181017, 165626,84,955.431133,108.967160,0
20181017, 165632,90,955.432921,108.967290,0
20181017, 165638,96,955.435259,108.967460,0
20181017, 165644,102,955.435122,108.967450,0
20181017, 165650,108,955.436772,108.967570,0
20181017, 165656,114,955.438148,108.967670,0
20181017, 165702,120,955.439661,108.967780,0
20181017, 165708,126,955.440486,108.967840,0
20181017, 165714,132,955.441311,108.967900,0
20181017, 165720,138,955.441311,108.967900,0
20181017, 165726,144,955.443237,108.968040,0
20181017, 165732,150,955.444062,108.968100,0
20181017, 165738,156,955.443650,108.968070,0
20181017, 165744,162,955.443925,108.968090,0
20181017, 165750,168,955.445575,108.968210,0
20181017, 165756,174,955.445300,108.968190,0
20181017, 165802,180,955.446263,108.968260,0
20181017, 165808,186,955.447501,108.968350,0
20181017, 165814,192,955.446126,108.968250,0
20181017, 165820,198,955.446676,108.968290,0
20181017, 165826,204,955.448051,108.968390,0
20181017, 165832,210,955.446126,108.968250,0
20181017, 165838,216,955.447089,108.968320,0
20181017, 165844,222,955.446263,108.968260,0
20181017, 165850,228,955.449702,108.968510,0
20181017, 165856,234,955.448189,108.968400,0
20181017, 165902,240,955.448464,108.968420,0
20181017, 165908,246,955.446538,108.968280,0
20181017, 165914,252,955.447364,108.968340,0
20181017, 165920,258,955.446813,108.968300,0
20181017, 165926,264,955.449427,108.968490,0
20181017, 165932,270,955.452315,108.968700,0
20181017, 165938,276,955.463319,108.969500,0
20181017, 165944,282,955.472398,108.970160,0
20181017, 165950,288,955.478175,108.970580,0
20181017, 165956,294,955.486015,108.971150,0
20181017, 170002,300,955.487941,108.971290,0
20181017, 170008,306,955.491930,108.971580,0
20181017, 170014,312,955.494131,108.971740,0
20181017, 170020,318,955.497294,108.971970,0
20181017, 170026,324,955.498670,108.972070,0
20181017, 170032,330,955.499358,108.972120,0
20181017, 170038,336,955.501558,108.972280,0
20181017, 170044,342,955.502384,108.972340,0
20181017, 170050,348,955.503209,108.972400,0
20181017, 170056,354,955.504722,108.972510,0
20181017, 170102,360,955.506648,108.972650,0
20181017, 170108,366,955.508023,108.972750,0
20181017, 170114,372,955.509536,108.972860,0
20181017, 170120,378,955.513250,108.973130,0
20181017, 170126,384,955.514626,108.973230,0
20181017, 170132,390,955.516827,108.973390,0
20181017, 170138,396,955.522604,108.973810,0
20181017, 170144,402,955.536772,108.974840,0
20181017, 170150,408,955.562770,108.976730,0
20181017, 170156,414,955.595646,108.979120,0
20181017, 170202,420,955.635675,108.982030,0
20181017, 170208,426,955.682721,108.985450,0
20181017, 170214,432,955.731418,108.988990,0
20181017, 170220,438,955.781767,108.992650,0
20181017, 170226,444,955.833218,108.996390,0
20181017, 170232,450,955.887834,109.000360,0
20181017, 170238,456,955.942176,109.004310,0
20181017, 170244,462,955.996381,109.008250,0
20181017, 170250,468,956.050726,109.012200,0
20181017, 170256,474,956.104658,109.016120,0
20181017, 170302,480,956.162582,109.020330,0
20181017, 170308,486,956.217481,109.024320,0
20181017, 170314,492,956.275132,109.028510,0
20181017, 170320,498,956.332097,109.032650,0
20181017, 170326,504,956.390851,109.036920,0
20181017, 170332,510,956.451809,109.041350,0
20181017, 170338,516,956.510980,109.045650,0
20181017, 170344,522,956.570977,109.050010,0
20181017, 170350,528,956.631389,109.054400,0
20181017, 170356,534,956.692490,109.058840,0
20181017, 170402,540,956.755520,109.063420,0
20181017, 170408,546,956.822817,109.068310,0
20181017, 170414,552,956.878693,109.072370,0
20181017, 170420,558,956.920532,109.075410,0
20181017, 170426,564,956.955215,109.077930,0
20181017, 170432,570,956.982054,109.079880,0
20181017, 170438,576,957.004488,109.081510,0
20181017, 170444,582,957.020454,109.082670,0
20181017, 170450,588,956.985632,109.080140,0
20181017, 170456,594,956.952738,109.077750,0
20181017, 170502,600,956.892181,109.073350,0
20181017, 170508,606,956.848003,109.070140,0
20181017, 170514,612,956.859150,109.070950,0
20181017, 170520,618,956.874977,109.072100,0
20181017, 170526,624,956.896585,109.073670,0
20181017, 170532,630,956.922184,109.075530,0
20181017, 170538,636,956.948884,109.077470,0
20181017, 170544,642,956.974071,109.079300,0
20181017, 170551,649,957.001598,109.081300,0
20181017, 170557,655,957.030088,109.083370,0
20181017, 170603,661,957.055689,109.085230,0
20181017, 170609,667,957.079775,109.086980,0
20181017, 170615,673,957.105651,109.088860,0
20181017, 170621,679,957.127123,109.090420,0
20181017, 170627,685,957.146255,109.091810,0
20181017, 170633,691,957.167728,109.093370,0
20181017, 170639,697,957.189200,109.094930,0
20181017, 170645,703,957.206681,109.096200,0
20181017, 170651,709,957.223336,109.097410,0
20181017, 170657,715,957.244121,109.098920,0
20181017, 170703,721,957.260088,109.100080,0
20181017, 170709,727,957.277570,109.101350,0
20181017, 170715,733,957.295051,109.102620,0
20181017, 170721,739,957.310606,109.103750,0
20181017, 170727,745,957.329326,109.105110,0
20181017, 170733,751,957.346258,109.106340,0
20181017, 170739,757,957.359472,109.107300,0
20181017, 170745,763,957.374890,109.108420,0
20181017, 170751,769,957.394987,109.109880,0
20181017, 170757,775,957.411231,109.111060,0
20181017, 170803,781,957.402008,109.110390,0
20181017, 170809,787,957.435734,109.112840,0
20181017, 170815,793,957.451014,109.113950,0
20181017, 170821,799,957.466845,109.115100,0
20181017, 170827,805,957.484603,109.116390,0
20181017, 170833,811,957.498231,109.117380,0
20181017, 170839,817,957.513236,109.118470,0
20181017, 170845,823,957.526452,109.119430,0
20181017, 170851,829,957.540356,109.120440,0
20181017, 170857,835,957.554122,109.121440,0
20181017, 170903,841,957.568715,109.122500,0
20181017, 170909,847,957.582069,109.123470,0
20181017, 170915,853,957.595422,109.124440,0
20181017, 170921,859,957.610566,109.125540,0
20181017, 170927,865,957.624608,109.126560,0
20181017, 170933,871,957.638375,109.127560,0
20181017, 170939,877,957.649113,109.128340,0
20181017, 170945,883,957.659851,109.129120,0
20181017, 170951,889,957.671691,109.129980,0
20181017, 170957,895,957.682980,109.130800,0
20181017, 171003,901,957.694269,109.131620,0
20181017, 171009,907,957.707073,109.132550,0
20181017, 171015,913,957.724419,109.133810,0
20181017, 171021,919,957.749063,109.135600,0
20181017, 171027,925,957.779490,109.137810,0
20181017, 171033,931,957.814184,109.140330,0
20181017, 171039,937,957.852046,109.143080,0
20181017, 171045,943,957.896655,109.146320,0
20181017, 171051,949,957.943468,109.149720,0
20181017, 171057,955,957.985187,109.152750,0
20181017, 171103,961,958.035169,109.156380,0
20181017, 171109,967,958.088593,109.160260,0
20181017, 171115,973,958.141331,109.164090,0
20181017, 171121,979,958.193243,109.167860,0
20181017, 171127,985,958.245432,109.171650,0
20181017, 171133,991,958.298035,109.175470,0
20181017, 171139,997,958.356147,109.179690,0
20181017, 171145,1003,958.411231,109.183690,0
20181017, 171151,1009,958.469346,109.187910,0
20181017, 171157,1015,958.526636,109.192070,0
20181017, 171203,1021,958.586820,109.196440,0
20181017, 171209,1027,958.650861,109.201090,0
20181017, 171215,1033,958.715455,109.205780,0
20181017, 171221,1039,958.778398,109.210350,0
20181017, 171227,1045,958.847678,109.215380,0
20181017, 171233,1051,958.913929,109.220190,0
20181017, 171239,1057,958.978943,109.224910,0
20181017, 171245,1063,959.046025,109.229780,0
20181017, 171251,1069,959.116277,109.234880,0
20181017, 171257,1075,959.192316,109.240400,0
20181017, 171303,1081,959.264638,109.245650,0
20181017, 171309,1087,959.340544,109.251160,0
20181017, 171315,1093,959.411769,109.256330,0
20181017, 171321,1099,959.489195,109.261950,0
20181017, 171327,1105,959.563868,109.267370,0
20181017, 171333,1111,959.638405,109.272780,0
20181017, 171339,1117,959.718456,109.278590,0
20181017, 171345,1123,959.802368,109.284680,0
20181017, 171351,1129,959.884904,109.290670,0
20181017, 171357,1135,959.969373,109.296800,0
20181017, 171403,1141,960.049848,109.302640,0
20181017, 171409,1147,960.131152,109.308540,0
20181017, 171415,1153,960.212321,109.314430,0
20181017, 171421,1159,960.288256,109.319940,0
20181017, 171427,1165,960.368741,109.325780,0
20181017, 171433,1171,960.451710,109.331800,0
20181017, 171439,1177,960.536749,109.337970,0
20181017, 171445,1183,960.627855,109.344580,0
20181017, 171451,1189,960.719240,109.351210,0
20181017, 171457,1195,960.813937,109.358080,0
20181017, 171503,1201,960.903813,109.364600,0
20181017, 171509,1207,960.990246,109.370870,0
20181017, 171515,1213,961.084677,109.377720,0
20181017, 171521,1219,961.180491,109.384670,0
20181017, 171527,1225,961.276170,109.391610,0
20181017, 171533,1231,961.370612,109.398460,0
20181017, 171539,1237,961.458164,109.404810,0
20181017, 171545,1243,961.556198,109.411920,0
20181017, 171551,1249,961.649410,109.418680,0
20181017, 171557,1255,961.743590,109.425510,0
20181017, 171603,1261,961.838050,109.432360,0
20181017, 171609,1267,961.932513,109.439210,0
20181017, 171615,1273,962.027256,109.446080,0
20181017, 171621,1279,962.126554,109.453280,0
20181017, 171627,1285,962.228614,109.460680,0
20181017, 171633,1291,962.328471,109.467920,0
20181017, 171639,1297,962.425022,109.474920,0
20181017, 171645,1303,962.516059,109.481520,0
20181017, 171651,1309,962.615652,109.488740,0
20181017, 171657,1315,962.709730,109.495560,0
20181017, 171703,1321,962.808365,109.502710,0
20181017, 171709,1327,962.907418,109.509890,0
20181017, 171715,1333,963.002749,109.516800,0
20181017, 171721,1339,963.093669,109.523390,0
20181017, 171728,1346,963.194389,109.530690,0
20181017, 171734,1352,963.296078,109.538060,0
20181017, 171740,1358,963.399842,109.545580,0
20181017, 171746,1364,963.502643,109.553030,0
20181017, 171752,1370,963.613591,109.561070,0
20181017, 171758,1376,963.725372,109.569170,0
20181017, 171804,1382,963.833017,109.576970,0
20181017, 171810,1388,963.931696,109.584120,0
20181017, 171816,1394,964.030379,109.591270,0
20181017, 171822,1400,964.135691,109.598900,0
20181017, 171828,1406,964.250256,109.607200,0
20181017, 171834,1412,964.355025,109.614790,0
20181017, 171840,1418,964.466010,109.622830,0
20181017, 171846,1424,964.572721,109.630560,0
20181017, 171852,1430,964.681508,109.638440,0
20181017, 171858,1436,964.792507,109.646480,0
20181017, 171904,1442,964.894676,109.653880,0
20181017, 171910,1448,964.987598,109.660610,0
20181017, 171916,1454,965.081213,109.667390,0
20181017, 171922,1460,965.201344,109.676090,0
20181017, 171928,1466,965.324243,109.684990,0
20181017, 171934,1472,965.439277,109.693320,0
20181017, 171940,1478,965.558734,109.701970,0
20181017, 171946,1484,965.672950,109.710240,0
20181017, 171952,1490,965.797529,109.719260,0
20181017, 171958,1496,965.916175,109.727850,0
20181017, 172004,1502,966.029302,109.736040,0
20181017, 172010,1508,966.137461,109.743870,0
20181017, 172016,1514,966.241342,109.751390,0
20181017, 172022,1520,966.342326,109.758700,0
20181017, 172028,1526,966.467353,109.767750,0
20181017, 172034,1532,966.590037,109.776630,0
20181017, 172040,1538,966.711208,109.785400,0
20181017, 172046,1544,966.840952,109.794790,0
20181017, 172052,1550,966.971531,109.804240,0
20181017, 172058,1556,967.076414,109.811830,0
20181017, 172104,1562,967.174115,109.818900,0
20181017, 172110,1568,967.291720,109.827410,0
20181017, 172116,1574,967.418592,109.836590,0
20181017, 172122,1580,967.534688,109.844990,0
20181017, 172128,1586,967.653831,109.853610,0
20181017, 172134,1592,967.764548,109.861620,0
20181017, 172140,1598,967.880385,109.870000,0
20181017, 172146,1604,967.972864,109.876690,0
20181017, 172152,1610,968.074609,109.884050,0
20181017, 172158,1616,968.203317,109.893360,0
20181017, 172204,1622,968.314335,109.901390,0
20181017, 172210,1628,968.414573,109.908640,0
20181017, 172216,1634,968.545649,109.918120,0
20181017, 172222,1640,968.668435,109.927000,0
20181017, 172228,1646,968.761220,109.933710,0
20181017, 172234,1652,968.890101,109.943030,0
20181017, 172240,1658,969.023000,109.952640,0
20181017, 172246,1664,969.149406,109.961780,0
20181017, 172252,1670,969.265168,109.970150,0
20181017, 172258,1676,969.377477,109.978270,0
20181017, 172304,1682,969.510540,109.987890,0
20181017, 172310,1688,969.639321,109.997200,0
20181017, 172316,1694,969.768525,110.006540,0
20181017, 172322,1700,969.888189,110.015190,0
20181017, 172328,1706,969.994162,110.022850,0
20181017, 172334,1712,970.106642,110.030980,0
20181017, 172340,1718,970.224662,110.039510,0
20181017, 172346,1724,970.338675,110.047750,0
20181017, 172352,1730,970.464593,110.056850,0
20181017, 172358,1736,970.582769,110.065390,0
20181017, 172404,1742,970.714096,110.074880,0
20181017, 172410,1748,970.821211,110.082620,0
20181017, 172416,1754,970.944939,110.091560,0
20181017, 172422,1760,971.087636,110.101870,0
20181017, 172428,1766,971.211930,110.110850,0
20181017, 172434,1772,971.325850,110.119080,0
20181017, 172440,1778,971.439082,110.127260,0
20181017, 172446,1784,971.533492,110.134080,0
20181017, 172452,1790,971.638843,110.141690,0
20181017, 172458,1796,971.763303,110.150680,0
20181017, 172504,1802,971.887770,110.159670,0
20181017, 172510,1808,972.006289,110.168230,0
20181017, 172516,1814,972.121213,110.176530,0
20181017, 172522,1820,972.222988,110.183880,0
20181017, 172528,1826,972.325875,110.191310,0
20181017, 172534,1832,972.452032,110.200420,0
20181017, 172540,1838,972.565730,110.208630,0
20181017, 172546,1844,972.678741,110.216790,0
20181017, 172552,1850,972.808378,110.226150,0
20181017, 172558,1856,972.923893,110.234490,0
20181017, 172604,1862,973.048002,110.243450,0
20181017, 172610,1868,973.157018,110.251320,0
20181017, 172616,1874,973.246921,110.257810,0
20181017, 172622,1880,973.352482,110.265430,0
20181017, 172628,1886,973.459156,110.273130,0
20181017, 172634,1892,973.573316,110.281370,0
20181017, 172640,1898,973.668776,110.288260,0
20181017, 172646,1904,973.767566,110.295390,0
20181017, 172652,1910,973.878137,110.303370,0
20181017, 172658,1916,973.977073,110.310510,0
20181017, 172704,1922,974.078507,110.317830,0
20181017, 172710,1928,974.195744,110.326290,0
20181017, 172716,1934,974.319223,110.335200,0
20181017, 172722,1940,974.429957,110.343190,0
20181017, 172728,1946,974.526558,110.350160,0
20181017, 172734,1952,974.643816,110.358620,0
20181017, 172740,1958,974.731694,110.364960,0
20181017, 172746,1964,974.836069,110.372490,0
20181017, 172752,1970,974.942668,110.380180,0
20181017, 172758,1976,975.043309,110.387440,0
20181017, 172804,1982,975.159205,110.395800,0
20181017, 172810,1988,975.241277,110.401720,0
20181017, 172816,1994,975.338326,110.408720,0
20181017, 172822,2000,975.451324,110.416870,0
20181017, 172828,2006,975.552124,110.424140,0
20181017, 172834,2012,975.644055,110.430770,0
20181017, 172840,2018,975.752351,110.438580,0
20181017, 172846,2024,975.848449,110.445510,0
20181017, 172852,2030,975.970067,110.454280,0
20181017, 172858,2036,976.082816,110.462410,0
20181017, 172905,2043,976.196540,110.470610,0
20181017, 172911,2049,976.289881,110.477340,0
20181017, 172917,2055,976.385167,110.484210,0
20181017, 172923,2061,976.482399,110.491220,0
20181017, 172929,2067,976.580883,110.498320,0
20181017, 172935,2073,976.665777,110.504440,0
20181017, 172941,2079,976.753864,110.510790,0
20181017, 172947,2085,976.842092,110.517150,0
20181017, 172953,2091,976.942394,110.524380,0
20181017, 172959,2097,977.024941,110.530330,0
20181017, 173005,2103,977.111792,110.536590,0
20181017, 173011,2109,977.228338,110.544990,0
20181017, 173017,2115,977.338507,110.552930,0
20181017, 173023,2121,977.400530,110.557400,0
20181017, 173029,2127,977.491280,110.563940,0
20181017, 173035,2133,977.594244,110.571360,0
20181017, 173041,2139,977.699988,110.578980,0
20181017, 173047,2145,977.771041,110.584100,0
20181017, 173053,2151,977.861665,110.590630,0
20181017, 173059,2157,977.983520,110.599410,0
20181017, 173105,2163,978.073179,110.605870,0
20181017, 173111,2169,978.182413,110.613740,0
20181017, 173117,2175,978.280825,110.620830,0
20181017, 173123,2181,978.394927,110.629050,0
20181017, 173129,2187,978.468360,110.634340,0
20181017, 173135,2193,978.575529,110.642060,0
20181017, 173141,2199,978.661461,110.648250,0
20181017, 173147,2205,978.760864,110.655410,0
20181017, 173153,2211,978.838611,110.661010,0
20181017, 173159,2217,978.925386,110.667260,0
20181017, 173205,2223,979.023272,110.674310,0
20181017, 173211,2229,979.137129,110.682510,0
20181017, 173217,2235,979.203363,110.687280,0
20181017, 173223,2241,979.315979,110.695390,0
20181017, 173229,2247,979.425961,110.703310,0
20181017, 173235,2253,979.522200,110.710240,0
20181017, 173241,2259,979.618303,110.717160,0
20181017, 173247,2265,979.719966,110.724480,0
20181017, 173253,2271,979.792048,110.729670,0
20181017, 173259,2277,979.894134,110.737020,0
20181017, 173305,2283,979.979557,110.743170,0
20181017, 173311,2289,980.061926,110.749100,0
20181017, 173317,2295,980.154577,110.755770,0
20181017, 173323,2301,980.267791,110.763920,0
20181017, 173329,2307,980.366840,110.771050,0
20181017, 173335,2313,980.458530,110.777650,0
20181017, 173341,2319,980.562033,110.785100,0
20181017, 173347,2325,980.641087,110.790790,0
20181017, 173353,2331,980.730425,110.797220,0
20181017, 173359,2337,980.820044,110.803670,0
20181017, 173405,2343,980.935372,110.811970,0
20181017, 173411,2349,981.021385,110.818160,0
20181017, 173417,2355,981.092255,110.823260,0
20181017, 173423,2361,981.181192,110.829660,0
20181017, 173429,2367,981.277915,110.836620,0
20181017, 173435,2373,981.367553,110.843070,0
20181017, 173441,2379,981.464839,110.850070,0
20181017, 173447,2385,981.566993,110.857420,0
20181017, 173453,2391,981.656086,110.863830,0
20181017, 173459,2397,981.736981,110.869650,0
20181017, 173505,2403,981.853463,110.878030,0
20181017, 173511,2409,981.937423,110.884070,0
20181017, 173517,2415,981.992610,110.888040,0
20181017, 173523,2421,982.096315,110.895500,0
20181017, 173529,2427,982.153173,110.899590,0
20181017, 173535,2433,982.236865,110.905610,0
20181017, 173541,2439,982.342387,110.913200,0
20181017, 173547,2445,982.392161,110.916780,0
20181017, 173553,2451,982.485593,110.923500,0
20181017, 173559,2457,982.577916,110.930140,0
20181017, 173605,2463,982.669965,110.936760,0
20181017, 173611,2469,982.758541,110.943130,0
20181017, 173617,2475,982.834465,110.948590,0
20181017, 173623,2481,982.910392,110.954050,0
20181017, 173629,2487,982.995083,110.960140,0
20181017, 173635,2493,983.089511,110.966930,0
20181017, 173641,2499,983.181717,110.973560,0
20181017, 173647,2505,983.276570,110.980380,0
20181017, 173653,2511,983.356822,110.986150,0
20181017, 173659,2517,983.442222,110.992290,0
20181017, 173705,2523,983.517889,110.997730,0
20181017, 173711,2529,983.608442,111.004240,0
20181017, 173717,2535,983.692878,111.010310,0
20181017, 173723,2541,983.748521,111.014310,0
20181017, 173729,2547,983.843812,111.021160,0
20181017, 173735,2553,983.926447,111.027100,0
20181017, 173741,2559,983.998790,111.032300,0
20181017, 173747,2565,984.094925,111.039210,0
20181017, 173753,2571,984.202612,111.046950,0
20181017, 173759,2577,984.246857,111.050130,0
20181017, 173805,2583,984.273154,111.052020,0
20181017, 173811,2589,984.380431,111.059730,0
20181017, 173817,2595,984.484513,111.067210,0
20181017, 173823,2601,984.550749,111.071970,0
20181017, 173829,2607,984.630902,111.077730,0
20181017, 173835,2613,984.720521,111.084170,0
20181017, 173841,2619,984.782727,111.088640,0
20181017, 173847,2625,984.858435,111.094080,0
20181017, 173853,2631,984.886965,111.096130,0
20181017, 173859,2637,984.945418,111.100330,0
20181017, 173905,2643,985.037970,111.106980,0
20181017, 173911,2649,985.130944,111.113660,0
20181017, 173917,2655,985.206384,111.119080,0
20181017, 173923,2661,985.264844,111.123280,0
20181017, 173929,2667,985.346969,111.129180,0
20181017, 173935,2673,985.406546,111.133460,0
20181017, 173941,2679,985.479488,111.138700,0
20181017, 173947,2685,985.538372,111.142930,0
20181017, 173953,2691,985.637072,111.150020,0
20181017, 173959,2697,985.716425,111.155720,0
20181017, 174005,2703,985.735776,111.157110,0
20181017, 174011,2709,985.789097,111.160940,0
20181017, 174017,2715,985.858013,111.165890,0
20181017, 174023,2721,985.940296,111.171800,0
20181017, 174029,2727,986.039291,111.178910,0
20181017, 174036,2734,986.116011,111.184420,0
20181017, 174042,2740,986.185214,111.189390,0
20181017, 174048,2746,986.247038,111.193830,0
20181017, 174054,2752,986.253583,111.194300,0
20181017, 174100,2758,986.329335,111.199740,0
20181017, 174106,2764,986.431965,111.207110,0
20181017, 174112,2770,986.501177,111.212080,0
20181017, 174118,2776,986.563009,111.216520,0
20181017, 174124,2782,986.679576,111.224890,0
20181017, 174130,2788,986.706455,111.226820,0
20181017, 174136,2794,986.778878,111.232020,0
20181017, 174142,2800,986.853670,111.237390,0
20181017, 174148,2806,986.934454,111.243190,0
20181017, 174154,2812,987.013152,111.248840,0
20181017, 174200,2818,987.086697,111.254120,0
20181017, 174206,2824,987.138654,111.257850,0
20181017, 174212,2830,987.186433,111.261280,0
20181017, 174218,2836,987.256502,111.266310,0
20181017, 174224,2842,987.336602,111.272060,0
20181017, 174230,2848,987.384524,111.275500,0
20181017, 174236,2854,987.477167,111.282150,0
20181017, 174242,2860,987.556299,111.287830,0
20181017, 174248,2866,987.587646,111.290080,0
20181017, 174254,2872,987.654381,111.294870,0
20181017, 174300,2878,987.720840,111.299640,0
20181017, 174306,2884,987.788973,111.304530,0
20181017, 174312,2890,987.856689,111.309390,0
20181017, 174318,2896,987.945866,111.315790,0
20181017, 174324,2902,988.010660,111.320440,0
20181017, 174330,2908,988.099563,111.326820,0
20181017, 174336,2914,988.166730,111.331640,0
20181017, 174342,2920,988.221636,111.335580,0
20181017, 174348,2926,988.300513,111.341240,0
20181017, 174354,2932,988.378138,111.346810,0
20181017, 174400,2938,988.426637,111.350290,0
20181017, 174406,2944,988.520712,111.357040,0
20181017, 174412,2950,988.594581,111.362340,0
20181017, 174418,2956,988.651726,111.366440,0
20181017, 174424,2962,988.723089,111.371560,0
20181017, 174430,2968,988.794594,111.376690,0
20181017, 174436,2974,988.865404,111.381770,0
20181017, 174442,2980,988.935798,111.386820,0
20181017, 174448,2986,988.984029,111.390280,0
20181017, 174454,2992,989.017903,111.392710,0
20181017, 174500,2998,989.090532,111.397920,0
