20181022, 160800,7,961.038770,109.374390,0
20181022, 160807,14,961.043182,109.374710,0
20181022, 160814,21,961.048007,109.375060,0
20181022, 160821,28,961.050350,109.375230,0
20181022, 160828,35,961.056830,109.375700,0
20181022, 160835,42,961.068134,109.376520,0
20181022, 160842,49,961.083850,109.377660,0
20181022, 160849,56,961.102047,109.378980,0
20181022, 160856,63,961.126724,109.380770,0
20181022, 160903,70,961.151401,109.382560,0
20181022, 160910,77,961.178836,109.384550,0
20181022, 160917,84,961.207512,109.386630,0
20181022, 160925,92,961.240600,109.389030,0
20181022, 160932,99,961.272310,109.391330,0
20181022, 160939,106,961.311878,109.394200,0
20181022, 160946,113,961.353102,109.397190,0
20181022, 160953,120,961.397084,109.400380,0
20181022, 161000,127,961.444652,109.403830,0
20181022, 161007,134,961.493186,109.407350,0
20181022, 161014,141,961.543513,109.411000,0
20181022, 161021,148,961.597564,109.414920,0
20181022, 161028,155,961.649272,109.418670,0
20181022, 161035,162,961.704428,109.422670,0
20181022, 161042,169,961.762344,109.426870,0
20181022, 161049,176,961.820950,109.431120,0
20181022, 161056,183,961.879420,109.435360,0
20181022, 161103,190,961.942718,109.439950,0
20181022, 161110,197,962.005466,109.444500,0
20181022, 161117,204,962.073181,109.449410,0
20181022, 161124,211,962.142138,109.454410,0
20181022, 161131,218,962.210822,109.459390,0
20181022, 161138,225,962.283369,109.464650,0
20181022, 161145,232,962.354539,109.469810,0
20181022, 161152,239,962.431367,109.475380,0
20181022, 161159,246,962.505162,109.480730,0
20181022, 161206,253,962.585166,109.486530,0
20181022, 161213,260,962.661449,109.492060,0
20181022, 161220,267,962.742286,109.497920,0
20181022, 161227,274,962.823954,109.503840,0
20181022, 161234,281,962.907004,109.509860,0
20181022, 161241,288,962.990470,109.515910,0
20181022, 161248,295,963.076423,109.522140,0
20181022, 161255,302,963.164862,109.528550,0
20181022, 161302,309,963.255512,109.535120,0
20181022, 161309,316,963.348649,109.541870,0
20181022, 161316,323,963.439996,109.548490,0
20181022, 161323,330,963.533830,109.555290,0
20181022, 161330,337,963.631117,109.562340,0
20181022, 161337,344,963.729788,109.569490,0
20181022, 161344,351,963.829567,109.576720,0
20181022, 161351,358,963.934733,109.584340,0
20181022, 161358,365,964.037004,109.591750,0
20181022, 161405,372,964.141212,109.599300,0
20181022, 161412,379,964.249980,109.607180,0
20181022, 161419,386,964.355991,109.614860,0
20181022, 161426,393,964.465596,109.622800,0
20181022, 161433,400,964.572307,109.630530,0
20181022, 161440,407,964.680679,109.638380,0
20181022, 161447,414,964.791127,109.646380,0
20181022, 161454,421,964.902270,109.654430,0
20181022, 161501,428,965.013970,109.662520,0
20181022, 161508,435,965.125675,109.670610,0
20181022, 161515,442,965.238766,109.678800,0
20181022, 161522,449,965.358490,109.687470,0
20181022, 161529,456,965.473111,109.695770,0
20181022, 161536,463,965.596437,109.704700,0
20181022, 161543,470,965.716041,109.713360,0
20181022, 161550,477,965.833164,109.721840,0
20181022, 161557,484,965.951950,109.730440,0
20181022, 161604,491,966.075714,109.739400,0
20181022, 161611,498,966.193407,109.747920,0
20181022, 161618,505,966.320222,109.757100,0
20181022, 161625,512,966.439722,109.765750,0
20181022, 161632,519,966.562543,109.774640,0
20181022, 161639,526,966.683436,109.783390,0
20181022, 161646,533,966.807513,109.792370,0
20181022, 161653,540,966.935465,109.801630,0
20181022, 161700,547,967.064529,109.810970,0
20181022, 161707,554,967.195120,109.820420,0
20181022, 161714,561,967.323783,109.829730,0
20181022, 161721,568,967.454664,109.839200,0
20181022, 161728,575,967.586657,109.848750,0
20181022, 161735,582,967.723219,109.858630,0
20181022, 161742,589,967.853844,109.868080,0
20181022, 161749,596,967.988485,109.877820,0
20181022, 161756,603,968.124930,109.887690,0
20181022, 161803,610,968.265669,109.897870,0
20181022, 161810,617,968.407107,109.908100,0
20181022, 161817,624,968.539980,109.917710,0
20181022, 161824,631,968.675487,109.927510,0
20181022, 161831,638,968.818469,109.937850,0
20181022, 161838,645,968.962842,109.948290,0
20181022, 161845,652,969.094638,109.957820,0
20181022, 161852,659,969.235846,109.968030,0
20181022, 161859,666,969.369455,109.977690,0
20181022, 161906,673,969.500581,109.987170,0
20181022, 161913,680,969.638768,109.997160,0
20181022, 161920,687,969.769631,110.006620,0
20181022, 161927,694,969.912676,110.016960,0
20181022, 161934,701,970.048672,110.026790,0
20181022, 161941,708,970.193393,110.037250,0
20181022, 161948,715,970.325530,110.046800,0
20181022, 161955,722,970.470267,110.057260,0
20181022, 162002,729,970.608508,110.067250,0
20181022, 162009,736,970.752430,110.077650,0
20181022, 162016,743,970.898714,110.088220,0
20181022, 162023,750,971.028120,110.097570,0
20181022, 162030,757,971.169160,110.107760,0
20181022, 162037,764,971.312007,110.118080,0
20181022, 162044,771,971.453755,110.128320,0
20181022, 162051,778,971.580837,110.137500,0
20181022, 162059,786,971.731876,110.148410,0
20181022, 162106,793,971.870048,110.158390,0
20181022, 162113,800,972.016397,110.168960,0
20181022, 162120,807,972.164692,110.179670,0
20181022, 162127,814,972.300949,110.189510,0
20181022, 162134,821,972.448431,110.200160,0
20181022, 162141,828,972.574040,110.209230,0
20181022, 162148,835,972.711288,110.219140,0
20181022, 162155,842,972.862949,110.230090,0
20181022, 162202,849,973.000491,110.240020,0
20181022, 162209,856,973.134854,110.249720,0
20181022, 162216,863,973.285571,110.260600,0
20181022, 162223,870,973.420088,110.270310,0
20181022, 162230,877,973.557937,110.280260,0
20181022, 162237,884,973.701336,110.290610,0
20181022, 162244,891,973.841141,110.300700,0
20181022, 162251,898,973.980121,110.310730,0
20181022, 162258,905,974.124930,110.321180,0
20181022, 162305,912,974.259076,110.330860,0
20181022, 162312,919,974.392121,110.340460,0
20181022, 162319,926,974.525034,110.350050,0
20181022, 162326,933,974.667795,110.360350,0
20181022, 162333,940,974.809594,110.370580,0
20181022, 162340,947,974.941143,110.380070,0
20181022, 162347,954,975.079907,110.390080,0
20181022, 162354,961,975.230464,110.400940,0
20181022, 162401,968,975.374928,110.411360,0
20181022, 162408,975,975.494860,110.420010,0
20181022, 162415,982,975.637122,110.430270,0
20181022, 162422,989,975.780778,110.440630,0
20181022, 162429,996,975.912516,110.450130,0
20181022, 162436,1003,976.038853,110.459240,0
20181022, 162443,1010,976.189883,110.470130,0
20181022, 162450,1017,976.336067,110.480670,0
20181022, 162457,1024,976.470470,110.490360,0
20181022, 162504,1031,976.620555,110.501180,0
20181022, 162511,1038,976.743460,110.510040,0
20181022, 162518,1045,976.878855,110.519800,0
20181022, 162525,1052,977.001772,110.528660,0
20181022, 162532,1059,977.128580,110.537800,0
20181022, 162539,1066,977.266078,110.547710,0
20181022, 162546,1073,977.393315,110.556880,0
20181022, 162553,1080,977.527081,110.566520,0
20181022, 162600,1087,977.666682,110.576580,0
20181022, 162607,1094,977.815867,110.587330,0
20181022, 162614,1101,977.950071,110.597000,0
20181022, 162621,1108,978.081230,110.606450,0
20181022, 162628,1115,978.210868,110.615790,0
20181022, 162635,1122,978.350368,110.625840,0
20181022, 162642,1129,978.473635,110.634720,0
20181022, 162649,1136,978.603849,110.644100,0
20181022, 162656,1143,978.749479,110.654590,0
20181022, 162703,1150,978.882484,110.664170,0
20181022, 162710,1157,979.006749,110.673120,0
20181022, 162717,1164,979.132269,110.682160,0
20181022, 162724,1171,979.254602,110.690970,0
20181022, 162731,1178,979.395271,110.701100,0
20181022, 162738,1185,979.515534,110.709760,0
20181022, 162745,1192,979.654273,110.719750,0
20181022, 162752,1199,979.774548,110.728410,0
20181022, 162759,1206,979.901913,110.737580,0
20181022, 162806,1213,980.024977,110.746440,0
20181022, 162813,1220,980.150826,110.755500,0
20181022, 162820,1227,980.276682,110.764560,0
20181022, 162827,1234,980.403377,110.773680,0
20181022, 162834,1241,980.524243,110.782380,0
20181022, 162841,1248,980.639558,110.790680,0
20181022, 162848,1255,980.766272,110.799800,0
20181022, 162855,1262,980.903552,110.809680,0
20181022, 162902,1269,981.035837,110.819200,0
20181022, 162909,1276,981.161459,110.828240,0
20181022, 162916,1283,981.289310,110.837440,0
20181022, 162923,1290,981.404521,110.845730,0
20181022, 162930,1297,981.530161,110.854770,0
20181022, 162937,1304,981.651638,110.863510,0
20181022, 162944,1311,981.786603,110.873220,0
20181022, 162951,1318,981.907675,110.881930,0
20181022, 162958,1325,982.038762,110.891360,0
20181022, 163005,1332,982.164434,110.900400,0
20181022, 163012,1339,982.273846,110.908270,0
20181022, 163019,1346,982.400364,110.917370,0
20181022, 163026,1353,982.517294,110.925780,0
20181022, 163033,1360,982.637706,110.934440,0
20181022, 163040,1367,982.745748,110.942210,0
20181022, 163047,1374,982.854629,110.950040,0
20181022, 163054,1381,982.989242,110.959720,0
20181022, 163101,1388,983.095908,110.967390,0
20181022, 163108,1395,983.231090,110.977110,0
20181022, 163115,1402,983.335959,110.984650,0
20181022, 163122,1409,983.445282,110.992510,0
20181022, 163129,1416,983.582848,111.002400,0
20181022, 163136,1423,983.706928,111.011320,0
20181022, 163143,1430,983.793732,111.017560,0
20181022, 163150,1437,983.905301,111.025580,0
20181022, 163157,1444,984.033571,111.034800,0
20181022, 163204,1451,984.157951,111.043740,0
20181022, 163211,1458,984.276354,111.052250,0
20181022, 163218,1465,984.404503,111.061460,0
20181022, 163225,1472,984.511508,111.069150,0
20181022, 163232,1479,984.628676,111.077570,0
20181022, 163240,1487,984.758513,111.086900,0
20181022, 163247,1494,984.878197,111.095500,0
20181022, 163254,1501,984.980490,111.102850,0
20181022, 163301,1508,985.098514,111.111330,0
20181022, 163308,1515,985.212369,111.119510,0
20181022, 163315,1522,985.337782,111.128520,0
20181022, 163322,1529,985.457354,111.137110,0
20181022, 163329,1536,985.522085,111.141760,0
20181022, 163336,1543,985.626770,111.149280,0
20181022, 163343,1550,985.744964,111.157770,0
20181022, 163350,1557,985.868733,111.166660,0
20181022, 163357,1564,985.965776,111.173630,0
20181022, 163404,1571,986.072707,111.181310,0
20181022, 163411,1578,986.186884,111.189510,0
20181022, 163418,1585,986.277812,111.196040,0
20181022, 163425,1592,986.380301,111.203400,0
20181022, 163432,1599,986.474996,111.210200,0
20181022, 163439,1606,986.606181,111.219620,0
20181022, 163446,1613,986.720522,111.227830,0
20181022, 163453,1620,986.814115,111.234550,0
20181022, 163500,1627,986.927072,111.242660,0
20181022, 163507,1634,987.012734,111.248810,0
20181022, 163514,1641,987.135311,111.257610,0
20181022, 163521,1648,987.237696,111.264960,0
20181022, 163528,1655,987.344682,111.272640,0
20181022, 163535,1662,987.416426,111.277790,0
20181022, 163542,1669,987.533590,111.286200,0
20181022, 163549,1676,987.640728,111.293890,0
20181022, 163556,1683,987.755394,111.302120,0
20181022, 163603,1690,987.849304,111.308860,0
20181022, 163610,1697,987.945448,111.315760,0
20181022, 163617,1704,988.052742,111.323460,0
20181022, 163624,1711,988.158927,111.331080,0
20181022, 163631,1718,988.251737,111.337740,0
20181022, 163638,1725,988.371170,111.346310,0
20181022, 163645,1732,988.453396,111.352210,0
20181022, 163652,1739,988.560712,111.359910,0
20181022, 163659,1746,988.660228,111.367050,0
20181022, 163706,1753,988.755008,111.373850,0
20181022, 163713,1760,988.851047,111.380740,0
20181022, 163720,1767,988.971205,111.389360,0
20181022, 163727,1774,989.060839,111.395790,0
20181022, 163734,1781,989.163441,111.403150,0
20181022, 163741,1788,989.256568,111.409830,0
20181022, 163748,1795,989.343842,111.416090,0
20181022, 163755,1802,989.422754,111.421750,0
20181022, 163802,1809,989.515472,111.428400,0
20181022, 163809,1816,989.645701,111.437740,0
20181022, 163816,1823,989.732291,111.443950,0
20181022, 163823,1830,989.854025,111.452680,0
20181022, 163830,1837,989.938950,111.458770,0
20181022, 163837,1844,990.005887,111.463570,0
20181022, 163844,1851,990.096255,111.470050,0
20181022, 163851,1858,990.229862,111.479630,0
20181022, 163858,1865,990.319262,111.486040,0
20181022, 163905,1872,990.411873,111.492680,0
20181022, 163912,1879,990.522481,111.500610,0
20181022, 163919,1886,990.572556,111.504200,0
20181022, 163926,1893,990.687216,111.512420,0
20181022, 163933,1900,990.786537,111.519540,0
20181022, 163940,1907,990.884188,111.526540,0
20181022, 163947,1914,990.985190,111.533780,0
20181022, 163954,1921,991.088150,111.541160,0
20181022, 164001,1928,991.151212,111.545680,0
20181022, 164008,1935,991.250690,111.552810,0
20181022, 164015,1942,991.359940,111.560640,0
20181022, 164022,1949,991.431520,111.565770,0
20181022, 164029,1956,991.497939,111.570530,0
20181022, 164036,1963,991.603990,111.578130,0
20181022, 164043,1970,991.704602,111.585340,0
20181022, 164050,1977,991.759585,111.589280,0
20181022, 164057,1984,991.884208,111.598210,0
20181022, 164104,1991,991.979110,111.605010,0
20181022, 164111,1998,992.084623,111.612570,0
20181022, 164118,2005,992.178555,111.619300,0
20181022, 164125,2012,992.229222,111.622930,0
20181022, 164132,2019,992.326091,111.629870,0
20181022, 164139,2026,992.428268,111.637190,0
20181022, 164146,2033,992.513419,111.643290,0
20181022, 164153,2040,992.594385,111.649090,0
20181022, 164200,2047,992.684288,111.655530,0
20181022, 164207,2054,992.771820,111.661800,0
20181022, 164214,2061,992.825570,111.665650,0
20181022, 164221,2068,992.887837,111.670110,0
20181022, 164228,2075,992.980264,111.676730,0
20181022, 164235,2082,993.080094,111.683880,0
20181022, 164242,2089,993.182023,111.691180,0
20181022, 164249,2096,993.260636,111.696810,0
20181022, 164256,2103,993.333946,111.702060,0
20181022, 164303,2110,993.425830,111.708640,0
20181022, 164310,2117,993.493139,111.713460,0
20181022, 164317,2124,993.586147,111.720120,0
20181022, 164324,2131,993.649131,111.724630,0
20181022, 164331,2138,993.734603,111.730750,0
20181022, 164338,2145,993.810719,111.736200,0
20181022, 164345,2152,993.874547,111.740770,0
20181022, 164352,2159,993.978464,111.748210,0
20181022, 164359,2166,994.075121,111.755130,0
20181022, 164406,2173,994.148873,111.760410,0
20181022, 164414,2181,994.228774,111.766130,0
20181022, 164421,2188,994.304067,111.771520,0
20181022, 164428,2195,994.383414,111.777200,0
20181022, 164435,2202,994.460668,111.782730,0
20181022, 164442,2209,994.519204,111.786920,0
20181022, 164449,2216,994.628875,111.794770,0
20181022, 164456,2223,994.705717,111.800270,0
20181022, 164503,2230,994.788430,111.806190,0
20181022, 164510,2237,994.885118,111.813110,0
20181022, 164517,2244,994.972168,111.819340,0
20181022, 164524,2251,995.040358,111.824220,0
20181022, 164531,2258,995.087728,111.827610,0
20181022, 164538,2265,995.157877,111.832630,0
20181022, 164545,2272,995.246194,111.838950,0
20181022, 164552,2279,995.336332,111.845400,0
20181022, 164559,2286,995.394888,111.849590,0
20181022, 164606,2293,995.462110,111.854400,0
20181022, 164613,2300,995.512563,111.858010,0
20181022, 164620,2307,995.582724,111.863030,0
