20181024, 134255,7,953.661791,108.838480,0
20181024, 134302,14,953.663165,108.838580,0
20181024, 134309,21,953.670313,108.839100,0
20181024, 134316,28,953.692717,108.840730,0
20181024, 134323,35,953.728455,108.843330,0
20181024, 134330,42,953.775603,108.846760,0
20181024, 134337,49,953.831686,108.850840,0
20181024, 134344,56,953.890245,108.855100,0
20181024, 134351,63,953.954028,108.859740,0
20181024, 134358,70,954.019463,108.864500,0
20181024, 134405,77,954.088062,108.869490,0
20181024, 134412,84,954.163949,108.875010,0
20181024, 134419,91,954.243825,108.880820,0
20181024, 134426,98,954.324941,108.886720,0
20181024, 134433,105,954.407298,108.892710,0
20181024, 134440,112,954.492681,108.898920,0
20181024, 134447,119,954.577656,108.905100,0
20181024, 134454,126,954.660708,108.911140,0
20181024, 134501,133,954.743487,108.917160,0
20181024, 134508,140,954.826958,108.923230,0
20181024, 134515,147,954.913868,108.929550,0
20181024, 134522,154,955.003395,108.936060,0
20181024, 134529,161,955.090312,108.942380,0
20181024, 134536,168,955.177095,108.948690,0
20181024, 134543,175,955.263880,108.955000,0
20181024, 134550,182,955.350118,108.961270,0
20181024, 134557,189,955.437185,108.967600,0
20181024, 134604,196,955.525355,108.974010,0
20181024, 134611,203,955.611740,108.980290,0
20181024, 134618,210,955.702667,108.986900,0
20181024, 134625,217,955.790572,108.993290,0
20181024, 134632,224,955.884532,109.000120,0
20181024, 134639,231,955.981798,109.007190,0
20181024, 134646,238,956.078655,109.014230,0
20181024, 134653,245,956.179368,109.021550,0
20181024, 134700,252,956.276370,109.028600,0
20181024, 134707,259,956.383283,109.036370,0
20181024, 134714,266,956.482495,109.043580,0
20181024, 134721,273,956.595334,109.051780,0
20181024, 134728,280,956.700885,109.059450,0
20181024, 134735,287,956.818138,109.067970,0
20181024, 134742,294,956.930304,109.076120,0
20181024, 134749,301,957.048394,109.084700,0
20181024, 134756,308,957.163461,109.093060,0
20181024, 134803,315,957.277707,109.101360,0
20181024, 134810,322,957.392509,109.109700,0
20181024, 134817,329,957.513374,109.118480,0
20181024, 134824,336,957.631629,109.127070,0
20181024, 134831,343,957.754708,109.136010,0
20181024, 134838,350,957.874488,109.144710,0
20181024, 134845,357,957.993862,109.153380,0
20181024, 134852,364,958.121640,109.162660,0
20181024, 134859,371,958.250665,109.172030,0
20181024, 134906,378,958.379145,109.181360,0
20181024, 134913,385,958.510523,109.190900,0
20181024, 134920,392,958.642047,109.200450,0
20181024, 134927,399,958.775643,109.210150,0
20181024, 134934,406,958.908833,109.219820,0
20181024, 134941,413,959.047127,109.229860,0
20181024, 134948,420,959.180469,109.239540,0
20181024, 134955,427,959.317951,109.249520,0
20181024, 135002,434,959.459712,109.259810,0
20181024, 135009,441,959.602583,109.270180,0
20181024, 135016,448,959.749595,109.280850,0
20181024, 135023,455,959.893310,109.291280,0
20181024, 135030,462,960.032347,109.301370,0
20181024, 135037,469,960.174561,109.311690,0
20181024, 135044,476,960.321194,109.322330,0
20181024, 135051,483,960.467697,109.332960,0
20181024, 135058,490,960.618896,109.343930,0
20181024, 135105,497,960.762660,109.354360,0
20181024, 135112,504,960.916771,109.365540,0
20181024, 135119,511,961.066204,109.376380,0
20181024, 135126,518,961.220885,109.387600,0
20181024, 135133,525,961.372129,109.398570,0
20181024, 135140,532,961.513868,109.408850,0
20181024, 135147,539,961.670645,109.420220,0
20181024, 135154,546,961.820261,109.431070,0
20181024, 135201,553,961.983401,109.442900,0
20181024, 135208,560,962.133725,109.453800,0
20181024, 135215,567,962.294127,109.465430,0
20181024, 135222,574,962.443918,109.476290,0
20181024, 135229,581,962.605444,109.488000,0
20181024, 135236,588,962.770014,109.499930,0
20181024, 135243,595,962.923973,109.511090,0
20181024, 135250,602,963.087461,109.522940,0
20181024, 135257,609,963.240473,109.534030,0
20181024, 135304,616,963.405637,109.546000,0
20181024, 135312,624,963.556599,109.556940,0
20181024, 135319,631,963.712813,109.568260,0
20181024, 135326,638,963.865450,109.579320,0
20181024, 135333,645,964.030379,109.591270,0
20181024, 135340,652,964.178066,109.601970,0
20181024, 135347,659,964.347985,109.614280,0
20181024, 135354,666,964.501488,109.625400,0
20181024, 135401,673,964.660523,109.636920,0
20181024, 135408,680,964.818187,109.648340,0
20181024, 135415,687,964.985803,109.660480,0
20181024, 135422,694,965.149839,109.672360,0
20181024, 135429,701,965.317201,109.684480,0
20181024, 135436,708,965.469796,109.695530,0
20181024, 135443,715,965.637870,109.707700,0
20181024, 135450,722,965.791038,109.718790,0
20181024, 135457,729,965.953469,109.730550,0
20181024, 135504,736,966.116602,109.742360,0
20181024, 135511,743,966.281680,109.754310,0
20181024, 135518,750,966.441380,109.765870,0
20181024, 135525,757,966.611453,109.778180,0
20181024, 135532,764,966.763160,109.789160,0
20181024, 135539,771,966.919436,109.800470,0
20181024, 135546,778,967.091062,109.812890,0
20181024, 135553,785,967.232019,109.823090,0
20181024, 135600,792,967.394267,109.834830,0
20181024, 135607,799,967.548095,109.845960,0
20181024, 135614,806,967.711608,109.857790,0
20181024, 135621,813,967.878311,109.869850,0
20181024, 135628,820,968.046546,109.882020,0
20181024, 135635,827,968.212165,109.894000,0
20181024, 135642,834,968.382911,109.906350,0
20181024, 135649,841,968.543575,109.917970,0
20181024, 135656,848,968.712822,109.930210,0
20181024, 135703,855,968.870188,109.941590,0
20181024, 135710,862,969.037106,109.953660,0
20181024, 135717,869,969.200163,109.965450,0
20181024, 135724,876,969.360464,109.977040,0
20181024, 135731,883,969.521191,109.988660,0
20181024, 135738,890,969.687184,110.000660,0
20181024, 135745,897,969.831330,110.011080,0
20181024, 135752,904,969.997759,110.023110,0
20181024, 135759,911,970.142753,110.033590,0
20181024, 135806,918,970.313077,110.045900,0
20181024, 135813,925,970.465977,110.056950,0
20181024, 135820,932,970.626082,110.068520,0
20181024, 135827,939,970.787167,110.080160,0
20181024, 135834,946,970.930130,110.090490,0
20181024, 135841,953,971.093864,110.102320,0
20181024, 135848,960,971.245981,110.113310,0
20181024, 135855,967,971.401568,110.124550,0
20181024, 135902,974,971.566716,110.136480,0
20181024, 135909,981,971.709171,110.146770,0
20181024, 135916,988,971.865340,110.158050,0
20181024, 135923,995,972.010304,110.168520,0
20181024, 135930,1002,972.161092,110.179410,0
20181024, 135937,1009,972.310781,110.190220,0
20181024, 135944,1016,972.448985,110.200200,0
20181024, 135951,1023,972.590243,110.210400,0
20181024, 135958,1030,972.732479,110.220670,0
20181024, 140005,1037,972.896191,110.232490,0
20181024, 140012,1044,973.064486,110.244640,0
20181024, 140019,1051,973.214367,110.255460,0
20181024, 140026,1058,973.357608,110.265800,0
20181024, 140033,1065,973.503905,110.276360,0
20181024, 140040,1072,973.672517,110.288530,0
20181024, 140047,1079,973.823820,110.299450,0
20181024, 140054,1086,973.978043,110.310580,0
20181024, 140101,1093,974.130612,110.321590,0
20181024, 140108,1100,974.277508,110.332190,0
20181024, 140115,1107,974.438688,110.343820,0
20181024, 140122,1114,974.599324,110.355410,0
20181024, 140129,1121,974.754842,110.366630,0
20181024, 140136,1128,974.902606,110.377290,0
20181024, 140143,1135,975.057449,110.388460,0
20181024, 140150,1142,975.200795,110.398800,0
20181024, 140157,1149,975.353716,110.409830,0
20181024, 140204,1156,975.499990,110.420380,0
20181024, 140211,1163,975.657782,110.431760,0
20181024, 140218,1170,975.802133,110.442170,0
20181024, 140225,1177,975.949127,110.452770,0
20181024, 140232,1184,976.088363,110.462810,0
20181024, 140239,1191,976.231075,110.473100,0
20181024, 140246,1198,976.369355,110.483070,0
20181024, 140253,1205,976.511112,110.493290,0
20181024, 140300,1212,976.648298,110.503180,0
20181024, 140307,1219,976.792290,110.513560,0
20181024, 140314,1226,976.945030,110.524570,0
20181024, 140321,1233,977.090981,110.535090,0
20181024, 140328,1240,977.233888,110.545390,0
20181024, 140335,1247,977.366674,110.554960,0
20181024, 140342,1254,977.512788,110.565490,0
20181024, 140349,1261,977.635042,110.574300,0
20181024, 140356,1268,977.782282,110.584910,0
20181024, 140403,1275,977.906076,110.593830,0
20181024, 140410,1282,978.051389,110.604300,0
20181024, 140417,1289,978.174085,110.613140,0
20181024, 140424,1296,978.321079,110.623730,0
20181024, 140431,1303,978.452812,110.633220,0
20181024, 140438,1310,978.587328,110.642910,0
20181024, 140446,1318,978.734624,110.653520,0
20181024, 140453,1325,978.871377,110.663370,0
20181024, 140500,1332,979.012164,110.673510,0
20181024, 140507,1339,979.145738,110.683130,0
20181024, 140514,1346,979.274876,110.692430,0
20181024, 140521,1353,979.396938,110.701220,0
20181024, 140528,1360,979.541920,110.711660,0
20181024, 140535,1367,979.669412,110.720840,0
20181024, 140542,1374,979.818160,110.731550,0
20181024, 140549,1381,979.925664,110.739290,0
20181024, 140556,1388,980.077483,110.750220,0
20181024, 140603,1395,980.195139,110.758690,0
20181024, 140610,1402,980.334472,110.768720,0
20181024, 140617,1409,980.462003,110.777900,0
20181024, 140624,1416,980.618579,110.789170,0
20181024, 140631,1423,980.745152,110.798280,0
20181024, 140638,1430,980.873122,110.807490,0
20181024, 140645,1437,981.007490,110.817160,0
20181024, 140652,1444,981.145895,110.827120,0
20181024, 140659,1451,981.290700,110.837540,0
20181024, 140706,1458,981.413277,110.846360,0
20181024, 140713,1465,981.541975,110.855620,0
20181024, 140720,1472,981.632735,110.862150,0
20181024, 140727,1479,981.750603,110.870630,0
20181024, 140734,1486,981.874592,110.879550,0
20181024, 140741,1493,982.000395,110.888600,0
20181024, 140748,1500,982.119670,110.897180,0
20181024, 140755,1507,982.267590,110.907820,0
20181024, 140802,1514,982.396054,110.917060,0
20181024, 140809,1521,982.524385,110.926290,0
20181024, 140816,1528,982.637845,110.934450,0
20181024, 140823,1535,982.768414,110.943840,0
20181024, 140830,1542,982.907333,110.953830,0
20181024, 140837,1549,983.049876,110.964080,0
20181024, 140844,1556,983.170869,110.972780,0
20181024, 140851,1563,983.300631,110.982110,0
20181024, 140858,1570,983.421359,110.990790,0
20181024, 140905,1577,983.545570,110.999720,0
20181024, 140912,1584,983.659910,111.007940,0
20181024, 140919,1591,983.773143,111.016080,0
20181024, 140926,1598,983.902658,111.025390,0
20181024, 140933,1605,984.010615,111.033150,0
20181024, 140940,1612,984.134994,111.042090,0
20181024, 140947,1619,984.261049,111.051150,0
20181024, 140954,1626,984.391006,111.060490,0
20181024, 141001,1633,984.521944,111.069900,0
20181024, 141008,1640,984.643426,111.078630,0
20181024, 141015,1647,984.764358,111.087320,0
20181024, 141022,1654,984.868455,111.094800,0
20181024, 141029,1661,984.969912,111.102090,0
20181024, 141036,1668,985.081117,111.110080,0
20181024, 141043,1675,985.199842,111.118610,0
20181024, 141050,1682,985.319686,111.127220,0
20181024, 141057,1689,985.437448,111.135680,0
20181024, 141104,1696,985.538511,111.142940,0
20181024, 141111,1703,985.665332,111.152050,0
20181024, 141118,1710,985.779909,111.160280,0
20181024, 141125,1717,985.897135,111.168700,0
20181024, 141132,1724,985.998077,111.175950,0
20181024, 141139,1731,986.106542,111.183740,0
20181024, 141146,1738,986.202062,111.190600,0
20181024, 141153,1745,986.324878,111.199420,0
20181024, 141200,1752,986.439485,111.207650,0
20181024, 141207,1759,986.552286,111.215750,0
20181024, 141214,1766,986.652001,111.222910,0
20181024, 141221,1773,986.747541,111.229770,0
20181024, 141228,1780,986.843224,111.236640,0
20181024, 141235,1787,986.956461,111.244770,0
20181024, 141242,1794,987.080429,111.253670,0
20181024, 141249,1801,987.175847,111.260520,0
20181024, 141256,1808,987.299129,111.269370,0
20181024, 141303,1815,987.410157,111.277340,0
20181024, 141310,1822,987.517011,111.285010,0
20181024, 141317,1829,987.643793,111.294110,0
20181024, 141324,1836,987.737142,111.300810,0
20181024, 141331,1843,987.853763,111.309180,0
20181024, 141338,1850,987.933046,111.314870,0
20181024, 141345,1857,988.033234,111.322060,0
20181024, 141352,1864,988.131335,111.329100,0
20181024, 141359,1871,988.252713,111.337810,0
20181024, 141406,1878,988.361414,111.345610,0
20181024, 141413,1885,988.462316,111.352850,0
20181024, 141420,1892,988.550399,111.359170,0
20181024, 141427,1899,988.660228,111.367050,0
20181024, 141434,1906,988.764347,111.374520,0
20181024, 141441,1913,988.880040,111.382820,0
20181024, 141448,1920,989.000618,111.391470,0
20181024, 141455,1927,989.106006,111.399030,0
20181024, 141502,1934,989.205264,111.406150,0
20181024, 141509,1941,989.299508,111.412910,0
20181024, 141516,1948,989.401980,111.420260,0
20181024, 141523,1955,989.508082,111.427870,0
20181024, 141530,1962,989.613073,111.435400,0
20181024, 141537,1969,989.703706,111.441900,0
20181024, 141544,1976,989.813586,111.449780,0
20181024, 141551,1983,989.899904,111.455970,0
20181024, 141558,1990,989.975486,111.461390,0
20181024, 141605,1997,990.077847,111.468730,0
20181024, 141613,2005,990.178120,111.475920,0
20181024, 141620,2012,990.276723,111.482990,0
20181024, 141627,2019,990.360267,111.488980,0
20181024, 141634,2026,990.463899,111.496410,0
20181024, 141641,2033,990.560560,111.503340,0
20181024, 141648,2040,990.665595,111.510870,0
20181024, 141655,2047,990.764776,111.517980,0
20181024, 141702,2054,990.849731,111.524070,0
20181024, 141709,2061,990.939990,111.530540,0
20181024, 141716,2068,991.025509,111.536670,0
20181024, 141723,2075,991.134330,111.544470,0
20181024, 141730,2082,991.212740,111.550090,0
20181024, 141737,2089,991.305803,111.556760,0
20181024, 141744,2096,991.389520,111.562760,0
20181024, 141751,2103,991.490543,111.570000,0
20181024, 141758,2110,991.581942,111.576550,0
20181024, 141805,2117,991.667622,111.582690,0
20181024, 141812,2124,991.774657,111.590360,0
20181024, 141819,2131,991.882673,111.598100,0
20181024, 141826,2138,991.977435,111.604890,0
20181024, 141833,2145,992.084065,111.612530,0
20181024, 141840,2152,992.169064,111.618620,0
20181024, 141847,2159,992.245273,111.624080,0
20181024, 141854,2166,992.301106,111.628080,0
20181024, 141901,2173,992.370618,111.633060,0
20181024, 141908,2180,992.465678,111.639870,0
20181024, 141915,2187,992.559904,111.646620,0
20181024, 141922,2194,992.640034,111.652360,0
20181024, 141929,2201,992.739152,111.659460,0
20181024, 141936,2208,992.807141,111.664330,0
20181024, 141943,2215,992.894818,111.670610,0
20181024, 141950,2222,992.987524,111.677250,0
20181024, 141957,2229,993.098245,111.685180,0
20181024, 142004,2236,993.190121,111.691760,0
20181024, 142011,2243,993.284095,111.698490,0
20181024, 142018,2250,993.353495,111.703460,0
20181024, 142025,2257,993.444822,111.710000,0
20181024, 142032,2264,993.509758,111.714650,0
20181024, 142039,2271,993.604441,111.721430,0
20181024, 142046,2278,993.689772,111.727540,0
20181024, 142053,2285,993.775943,111.733710,0
20181024, 142100,2292,993.877900,111.741010,0
20181024, 142107,2299,993.966591,111.747360,0
20181024, 142114,2306,994.038385,111.752500,0
20181024, 142121,2313,994.097889,111.756760,0
20181024, 142128,2320,994.142028,111.759920,0
20181024, 142135,2327,994.197903,111.763920,0
20181024, 142142,2334,994.273056,111.769300,0
20181024, 142149,2341,994.349049,111.774740,0
20181024, 142156,2348,994.448793,111.781880,0
20181024, 142203,2355,994.525630,111.787380,0
20181024, 142210,2362,994.614904,111.793770,0
20181024, 142217,2369,994.685738,111.798840,0
20181024, 142224,2376,994.788150,111.806170,0
20181024, 142231,2383,994.860107,111.811320,0
20181024, 142238,2390,994.943524,111.817290,0
20181024, 142245,2397,995.018559,111.822660,0
20181024, 142252,2404,995.099186,111.828430,0
20181024, 142259,2411,995.140828,111.831410,0
20181024, 142306,2418,995.228447,111.837680,0
20181024, 142313,2425,995.295385,111.842470,0
20181024, 142320,2432,995.377977,111.848380,0
20181024, 142327,2439,995.405229,111.850330,0
20181024, 142334,2446,995.458337,111.854130,0
20181024, 142341,2453,995.548761,111.860600,0
20181024, 142348,2460,995.644081,111.867420,0
20181024, 142355,2467,995.737587,111.874110,0
20181024, 142402,2474,995.806635,111.879050,0
20181024, 142409,2481,995.889524,111.884980,0
20181024, 142416,2488,995.958018,111.889880,0
20181024, 142423,2495,996.032385,111.895200,0
20181024, 142430,2502,996.058106,111.897040,0
20181024, 142437,2509,996.101581,111.900150,0
20181024, 142444,2516,996.173855,111.905320,0
20181024, 142451,2523,996.264725,111.911820,0
20181024, 142458,2530,996.314075,111.915350,0
20181024, 142505,2537,996.399497,111.921460,0
20181024, 142512,2544,996.459756,111.925770,0
20181024, 142519,2551,996.537073,111.931300,0
20181024, 142526,2558,996.599992,111.935800,0
20181024, 142533,2565,996.650887,111.939440,0
20181024, 142540,2572,996.729189,111.945040,0
20181024, 142547,2579,996.825393,111.951920,0
20181024, 142554,2586,996.901323,111.957350,0
20181024, 142601,2593,996.967467,111.962080,0
20181024, 142608,2600,997.040745,111.967320,0
20181024, 142615,2607,997.128289,111.973580,0
20181024, 142622,2614,997.215417,111.979810,0
20181024, 142629,2621,997.303947,111.986140,0
20181024, 142636,2628,997.372898,111.991070,0
20181024, 142643,2635,997.453461,111.996830,0
20181024, 142650,2642,997.519619,112.001560,0
20181024, 142657,2649,997.591794,112.006720,0
20181024, 142704,2656,997.643548,112.010420,0
20181024, 142711,2663,997.681176,112.013110,0
20181024, 142718,2670,997.763987,112.019030,0
20181024, 142725,2677,997.827775,112.023590,0
20181024, 142732,2684,997.886529,112.027790,0
20181024, 142739,2691,997.936611,112.031370,0
20181024, 142746,2698,997.993968,112.035470,0
20181024, 142754,2706,998.057203,112.039990,0
20181024, 142801,2713,998.099733,112.043030,0
20181024, 142808,2720,998.147721,112.046460,0
20181024, 142815,2727,998.248595,112.053670,0
20181024, 142822,2734,998.346675,112.060680,0
20181024, 142829,2741,998.413977,112.065490,0
20181024, 142836,2748,998.485058,112.070570,0
20181024, 142843,2755,998.559919,112.075920,0
20181024, 142850,2762,998.614492,112.079820,0
20181024, 142857,2769,998.696773,112.085700,0
20181024, 142904,2776,998.753868,112.089780,0
20181024, 142911,2783,998.794731,112.092700,0
20181024, 142918,2790,998.861204,112.097450,0
20181024, 142925,2797,998.928239,112.102240,0
20181024, 142932,2804,998.998775,112.107280,0
20181024, 142939,2811,999.071272,112.112460,0
20181024, 142946,2818,999.133974,112.116940,0
20181024, 142953,2825,999.191639,112.121060,0
20181024, 143000,2832,999.246085,112.124950,0
20181024, 143007,2839,999.303752,112.129070,0
20181024, 143014,2846,999.342805,112.131860,0
20181024, 143021,2853,999.365480,112.133480,0
20181024, 143028,2860,999.438828,112.138720,0
20181024, 143035,2867,999.524916,112.144870,0
20181024, 143042,2874,999.591548,112.149630,0
20181024, 143049,2881,999.639984,112.153090,0
20181024, 143056,2888,999.700180,112.157390,0
20181024, 143103,2895,999.759398,112.161620,0
20181024, 143110,2902,999.800277,112.164540,0
20181024, 143117,2909,999.850117,112.168100,0
20181024, 143124,2916,999.891977,112.171090,0
20181024, 143131,2923,999.967720,112.176500,0
20181024, 143138,2930,1000.024564,112.180560,0
20181024, 143145,2937,1000.098071,112.185810,0
20181024, 143152,2944,1000.153657,112.189780,0
20181024, 143159,2951,1000.223807,112.194790,0
20181024, 143206,2958,1000.309782,112.200930,0
20181024, 143213,2965,1000.367193,112.205030,0
20181024, 143220,2972,1000.413964,112.208370,0
20181024, 143227,2979,1000.449532,112.210910,0
20181024, 143234,2986,1000.481460,112.213190,0
20181024, 143241,2993,1000.544617,112.217700,0
20181024, 143248,3000,1000.626962,112.223580,0
20181024, 143255,3007,1000.690963,112.228150,0
20181024, 143302,3014,1000.761828,112.233210,0
20181024, 143309,3021,1000.808745,112.236560,0
20181024, 143316,3028,1000.862807,112.240420,0
20181024, 143323,3035,1000.917150,112.244300,0
20181024, 143330,3042,1000.957207,112.247160,0
20181024, 143337,3049,1000.999927,112.250210,0
20181024, 143344,3056,1001.020796,112.251700,0
20181024, 143351,3063,1001.078924,112.255850,0
20181024, 143358,3070,1001.153022,112.261140,0
20181024, 143405,3077,1001.226702,112.266400,0
20181024, 143412,3084,1001.298702,112.271540,0
20181024, 143419,3091,1001.329240,112.273720,0
20181024, 143426,3098,1001.375328,112.277010,0
20181024, 143433,3105,1001.414833,112.279830,0
20181024, 143440,3112,1001.511355,112.286720,0
20181024, 143447,3119,1001.556886,112.289970,0
20181024, 143454,3126,1001.585325,112.292000,0
20181024, 143501,3133,1001.614186,112.294060,0
20181024, 143508,3140,1001.650191,112.296630,0
20181024, 143515,3147,1001.728089,112.302190,0
20181024, 143522,3154,1001.800104,112.307330,0
20181024, 143529,3161,1001.845219,112.310550,0
20181024, 143536,3168,1001.871000,112.312390,0
20181024, 143543,3175,1001.936434,112.317060,0
20181024, 143550,3182,1001.978749,112.320080,0
20181024, 143557,3189,1002.055676,112.325570,0
20181024, 143604,3196,1002.132745,112.331070,0
20181024, 143611,3203,1002.182211,112.334600,0
20181024, 143618,3210,1002.237282,112.338530,0
20181024, 143625,3217,1002.297961,112.342860,0
20181024, 143632,3224,1002.334117,112.345440,0
20181024, 143639,3231,1002.359482,112.347250,0
20181024, 143646,3238,1002.394097,112.349720,0
20181024, 143653,3245,1002.427871,112.352130,0
20181024, 143700,3252,1002.453938,112.353990,0
20181024, 143707,3259,1002.497244,112.357080,0
20181024, 143714,3266,1002.511118,112.358070,0
20181024, 143721,3273,1002.586379,112.363440,0
20181024, 143728,3280,1002.651691,112.368100,0
20181024, 143735,3287,1002.672855,112.369610,0
20181024, 143742,3294,1002.721771,112.373100,0
20181024, 143749,3301,1002.774051,112.376830,0
20181024, 143756,3308,1002.803065,112.378900,0
20181024, 143803,3315,1002.870485,112.383710,0
20181024, 143810,3322,1002.924451,112.387560,0
20181024, 143817,3329,1003.005471,112.393340,0
20181024, 143824,3336,1003.050889,112.396580,0
20181024, 143831,3343,1003.086074,112.399090,0
20181024, 143838,3350,1003.104578,112.400410,0
20181024, 143845,3357,1003.143829,112.403210,0
20181024, 143852,3364,1003.184903,112.406140,0
20181024, 143859,3371,1003.179156,112.405730,0
20181024, 143906,3378,1003.245885,112.410490,0
20181024, 143913,3385,1003.298317,112.414230,0
20181024, 143920,3392,1003.338833,112.417120,0
20181024, 143928,3400,1003.355796,112.418330,0
20181024, 143935,3407,1003.432765,112.423820,0
20181024, 143942,3414,1003.494454,112.428220,0
20181024, 143949,3421,1003.559789,112.432880,0
20181024, 143956,3428,1003.583204,112.434550,0
20181024, 144003,3435,1003.633119,112.438110,0
20181024, 144010,3442,1003.669153,112.440680,0
20181024, 144017,3449,1003.644756,112.438940,0
20181024, 144024,3456,1003.738139,112.445600,0
20181024, 144031,3463,1003.832507,112.452330,0
20181024, 144038,3470,1003.900796,112.457200,0
20181024, 144045,3477,1003.910331,112.457880,0
20181024, 144052,3484,1003.944126,112.460290,0
20181024, 144059,3491,1003.994469,112.463880,0
20181024, 144106,3498,1004.031911,112.466550,0
20181024, 144113,3505,1004.060238,112.468570,0
20181024, 144120,3512,1004.135545,112.473940,0
20181024, 144127,3519,1004.170044,112.476400,0
20181024, 144134,3526,1004.210294,112.479270,0
20181024, 144141,3533,1004.262605,112.483000,0
20181024, 144148,3540,1004.320527,112.487130,0
20181024, 144155,3547,1004.358395,112.489830,0
20181024, 144202,3554,1004.398647,112.492700,0
20181024, 144209,3561,1004.437638,112.495480,0
20181024, 144216,3568,1004.479154,112.498440,0
20181024, 144223,3575,1004.510011,112.500640,0
20181024, 144230,3582,1004.551248,112.503580,0
20181024, 144237,3589,1004.598938,112.506980,0
20181024, 144244,3596,1004.672437,112.512220,0
20181024, 144251,3603,1004.731351,112.516420,0
20181024, 144258,3610,1004.777641,112.519720,0
20181024, 144305,3617,1004.812710,112.522220,0
20181024, 144312,3624,1004.857739,112.525430,0
20181024, 144319,3631,1004.879763,112.527000,0
20181024, 144326,3638,1004.867840,112.526150,0
20181024, 144333,3645,1004.906277,112.528890,0
20181024, 144340,3652,1004.942329,112.531460,0
20181024, 144347,3659,1005.003073,112.535790,0
20181024, 144354,3666,1005.066624,112.540320,0
20181024, 144401,3673,1005.130738,112.544890,0
20181024, 144408,3680,1005.179561,112.548370,0
20181024, 144415,3687,1005.203972,112.550110,0
20181024, 144422,3694,1005.255322,112.553770,0
20181024, 144429,3701,1005.239328,112.552630,0
20181024, 144436,3708,1005.277630,112.555360,0
20181024, 144443,3715,1005.287030,112.556030,0
20181024, 144450,3722,1005.308778,112.557580,0
20181024, 144457,3729,1005.380193,112.562670,0
20181024, 144504,3736,1005.434774,112.566560,0
20181024, 144511,3743,1005.469571,112.569040,0
20181024, 144518,3750,1005.496231,112.570940,0
20181024, 144525,3757,1005.535379,112.573730,0
20181024, 144532,3764,1005.570880,112.576260,0
20181024, 144539,3771,1005.591787,112.577750,0
20181024, 144546,3778,1005.610871,112.579110,0
20181024, 144553,3785,1005.644688,112.581520,0
20181024, 144600,3792,1005.681734,112.584160,0
20181024, 144607,3799,1005.707133,112.585970,0
20181024, 144614,3806,1005.807889,112.593150,0
20181024, 144621,3813,1005.850130,112.596160,0
20181024, 144628,3820,1005.885915,112.598710,0
20181024, 144635,3827,1005.895318,112.599380,0
20181024, 144642,3834,1005.948366,112.603160,0
20181024, 144649,3841,1005.961698,112.604110,0
20181024, 144656,3848,1006.002537,112.607020,0
20181024, 144703,3855,1006.046044,112.610120,0
20181024, 144710,3862,1006.063587,112.611370,0
20181024, 144717,3869,1006.092218,112.613410,0
20181024, 144724,3876,1006.153551,112.617780,0
20181024, 144731,3883,1006.189200,112.620320,0
20181024, 144738,3890,1006.207025,112.621590,0
20181024, 144745,3897,1006.235517,112.623620,0
20181024, 144752,3904,1006.292362,112.627670,0
20181024, 144759,3911,1006.315662,112.629330,0
20181024, 144806,3918,1006.338962,112.630990,0
20181024, 144813,3925,1006.393563,112.634880,0
20181024, 144820,3932,1006.444937,112.638540,0
20181024, 144827,3939,1006.481152,112.641120,0
20181024, 144834,3946,1006.520175,112.643900,0
20181024, 144841,3953,1006.574079,112.647740,0
20181024, 144848,3960,1006.603557,112.649840,0
20181024, 144855,3967,1006.639915,112.652430,0
20181024, 144902,3974,1006.674449,112.654890,0
20181024, 144909,3981,1006.725267,112.658510,0
20181024, 144916,3988,1006.787878,112.662970,0
20181024, 144923,3995,1006.841928,112.666820,0
20181024, 144930,4002,1006.890363,112.670270,0
20181024, 144937,4009,1006.951153,112.674600,0
20181024, 144944,4016,1007.005908,112.678500,0
20181024, 144951,4023,1007.056031,112.682070,0
20181024, 144958,4030,1007.065157,112.682720,0
20181024, 145005,4037,1007.086358,112.684230,0
20181024, 145012,4044,1007.138869,112.687970,0
20181024, 145019,4051,1007.182817,112.691100,0
20181024, 145026,4058,1007.236875,112.694950,0
20181024, 145033,4065,1007.196436,112.692070,0
20181024, 145040,4072,1007.224799,112.694090,0
20181024, 145047,4079,1007.258919,112.696520,0
20181024, 145054,4086,1007.296550,112.699200,0
20181024, 145102,4094,1007.328846,112.701500,0
20181024, 145109,4101,1007.328986,112.701510,0
20181024, 145116,4108,1007.380239,112.705160,0
20181024, 145123,4115,1007.421523,112.708100,0
20181024, 145130,4122,1007.456207,112.710570,0
20181024, 145137,4129,1007.514484,112.714720,0
20181024, 145144,4136,1007.535829,112.716240,0
20181024, 145151,4143,1007.581890,112.719520,0
20181024, 145158,4150,1007.588349,112.719980,0
20181024, 145205,4157,1007.655476,112.724760,0
20181024, 145212,4164,1007.695922,112.727640,0
20181024, 145219,4171,1007.772461,112.733090,0
20181024, 145226,4178,1007.810100,112.735770,0
20181024, 145233,4185,1007.840295,112.737920,0
20181024, 145240,4192,1007.828077,112.737050,0
20181024, 145247,4199,1007.859537,112.739290,0
20181024, 145254,4206,1007.878637,112.740650,0
