20181031, 120545,9,943.110800,108.069240,0
20181031, 120554,18,943.085479,108.067390,0
20181031, 120603,27,943.074256,108.066570,0
20181031, 120612,36,943.057284,108.065330,0
20181031, 120621,45,943.047703,108.064630,0
20181031, 120630,54,943.018002,108.062460,0
20181031, 120639,63,943.004726,108.061490,0
20181031, 120648,72,943.000347,108.061170,0
20181031, 120657,81,942.974890,108.059310,0
20181031, 120706,90,942.962709,108.058420,0
20181031, 120715,99,942.949980,108.057490,0
20181031, 120724,108,942.943685,108.057030,0
20181031, 120733,117,942.939031,108.056690,0
20181031, 120742,126,942.929998,108.056030,0
20181031, 120751,135,942.924935,108.055660,0
20181031, 120800,144,942.922608,108.055490,0
20181031, 120809,153,942.927809,108.055870,0
20181031, 120817,161,942.935336,108.056420,0
20181031, 120826,170,943.000620,108.061190,0
20181031, 120835,179,943.072476,108.066440,0
20181031, 120844,188,943.136395,108.071110,0
20181031, 120853,197,943.181838,108.074430,0
20181031, 120902,206,943.226597,108.077700,0
20181031, 120911,215,943.266976,108.080650,0
20181031, 120920,224,943.293668,108.082600,0
20181031, 120929,233,943.315980,108.084230,0
20181031, 120938,242,943.333091,108.085480,0
20181031, 120947,251,943.327342,108.085060,0
20181031, 120956,260,943.355540,108.087120,0
20181031, 121005,269,943.358825,108.087360,0
20181031, 121014,278,943.352939,108.086930,0
20181031, 121023,287,943.363479,108.087700,0
20181031, 121032,296,943.400439,108.090400,0
20181031, 121041,305,943.401260,108.090460,0
20181031, 121050,314,943.427543,108.092380,0
20181031, 121059,323,943.442327,108.093460,0
20181031, 121108,332,943.464914,108.095110,0
20181031, 121117,341,943.490923,108.097010,0
20181031, 121125,349,943.523504,108.099390,0
20181031, 121134,358,943.532402,108.100040,0
20181031, 121143,367,943.568817,108.102700,0
20181031, 121152,376,943.582917,108.103730,0
20181031, 121201,385,943.621660,108.106560,0
20181031, 121210,394,943.639046,108.107830,0
20181031, 121219,403,943.666564,108.109840,0
20181031, 121228,412,943.683129,108.111050,0
20181031, 121237,421,943.710920,108.113080,0
20181031, 121246,430,943.738302,108.115080,0
20181031, 121255,439,943.778552,108.118020,0
20181031, 121304,448,943.791696,108.118980,0
20181031, 121313,457,943.819762,108.121030,0
20181031, 121322,466,943.856866,108.123740,0
20181031, 121331,475,943.867819,108.124540,0
20181031, 121340,484,943.913822,108.127900,0
20181031, 121349,493,943.933538,108.129340,0
20181031, 121358,502,943.955171,108.130920,0
20181031, 121407,511,943.973655,108.132270,0
20181031, 121416,520,944.020482,108.135690,0
20181031, 121425,529,944.025822,108.136080,0
20181031, 121434,538,944.036639,108.136870,0
20181031, 121442,546,943.931758,108.129210,0
20181031, 121451,555,943.893695,108.126430,0
20181031, 121500,564,943.893695,108.126430,0
20181031, 121509,573,943.906702,108.127380,0
20181031, 121518,582,943.893559,108.126420,0
20181031, 121527,591,943.877676,108.125260,0
20181031, 121536,600,943.886713,108.125920,0
20181031, 121545,609,943.915739,108.128040,0
20181031, 121554,618,943.939289,108.129760,0
20181031, 121603,627,943.956951,108.131050,0
20181031, 121612,636,944.012267,108.135090,0
20181031, 121621,645,944.077442,108.139850,0
20181031, 121630,654,944.081002,108.140110,0
20181031, 121639,663,944.134678,108.144030,0
20181031, 121648,672,944.182329,108.147510,0
20181031, 121657,681,944.226969,108.150770,0
20181031, 121706,690,944.223683,108.150530,0
20181031, 121715,699,944.269967,108.153910,0
20181031, 121724,708,944.312006,108.156980,0
20181031, 121733,717,944.372397,108.161390,0
20181031, 121742,726,944.420738,108.164920,0
20181031, 121750,734,944.456206,108.167510,0
20181031, 121759,743,944.526734,108.172660,0
20181031, 121808,752,944.576311,108.176280,0
20181031, 121817,761,944.631777,108.180330,0
20181031, 121826,770,944.682862,108.184060,0
20181031, 121835,779,944.758327,108.189570,0
20181031, 121844,788,944.811880,108.193480,0
20181031, 121853,797,944.923784,108.201650,0
20181031, 121902,806,944.982956,108.205970,0
20181031, 121911,815,945.079114,108.212990,0
20181031, 121920,824,945.161852,108.219030,0
20181031, 121929,833,945.252126,108.225620,0
20181031, 121938,842,945.347884,108.232610,0
20181031, 121947,851,945.404326,108.236730,0
20181031, 121956,860,945.463099,108.241020,0
20181031, 122005,869,945.532423,108.246080,0
20181031, 122014,878,945.596542,108.250760,0
20181031, 122023,887,945.669842,108.256110,0
20181031, 122032,896,945.749311,108.261910,0
20181031, 122041,905,945.838373,108.268410,0
20181031, 122050,914,945.907159,108.273430,0
20181031, 122058,922,945.970603,108.278060,0
20181031, 122107,931,946.039255,108.283070,0
20181031, 122116,940,946.099139,108.287440,0
20181031, 122125,949,946.176977,108.293120,0
20181031, 122134,958,946.232479,108.297170,0
20181031, 122143,967,946.298809,108.302010,0
20181031, 122152,976,946.367881,108.307050,0
20181031, 122201,985,946.418179,108.310720,0
20181031, 122210,994,946.503291,108.316930,0
20181031, 122219,1003,946.574288,108.322110,0
20181031, 122228,1012,946.670096,108.329100,0
20181031, 122237,1021,946.736712,108.333960,0
20181031, 122246,1030,946.821697,108.340160,0
20181031, 122255,1039,946.926700,108.347820,0
20181031, 122304,1048,946.988387,108.352320,0
20181031, 122313,1057,947.040891,108.356150,0
20181031, 122322,1066,947.100113,108.360470,0
20181031, 122331,1075,947.163039,108.365060,0
20181031, 122340,1084,947.228297,108.369820,0
20181031, 122349,1093,947.315355,108.376170,0
20181031, 122358,1102,947.405433,108.382740,0
20181031, 122406,1110,947.462608,108.386910,0
20181031, 122415,1119,947.531576,108.391940,0
20181031, 122424,1128,947.599311,108.396880,0
20181031, 122433,1137,947.662249,108.401470,0
20181031, 122442,1146,947.714219,108.405260,0
20181031, 122451,1155,947.752477,108.408050,0
20181031, 122500,1164,947.819533,108.412940,0
20181031, 122509,1173,947.825841,108.413400,0
20181031, 122518,1182,947.851896,108.415300,0
20181031, 122527,1191,947.895504,108.418480,0
20181031, 122536,1200,947.980255,108.424660,0
20181031, 122545,1209,948.003980,108.426390,0
20181031, 122554,1218,947.985329,108.425030,0
20181031, 122603,1227,947.957078,108.422970,0
20181031, 122612,1236,947.938427,108.421610,0
20181031, 122621,1245,947.956804,108.422950,0
20181031, 122630,1254,947.942679,108.421920,0
20181031, 122639,1263,947.894544,108.418410,0
20181031, 122648,1272,947.802940,108.411730,0
20181031, 122657,1281,947.807877,108.412090,0
20181031, 122706,1290,947.792244,108.410950,0
20181031, 122715,1299,947.719704,108.405660,0
20181031, 122723,1307,947.732456,108.406590,0
20181031, 122732,1316,947.693924,108.403780,0
20181031, 122741,1325,947.634962,108.399480,0
20181031, 122750,1334,947.623581,108.398650,0
20181031, 122759,1343,947.500451,108.389670,0
20181031, 122808,1352,947.516082,108.390810,0
20181031, 122817,1361,947.469875,108.387440,0
20181031, 122826,1370,947.367318,108.379960,0
20181031, 122835,1379,947.361971,108.379570,0
20181031, 122844,1388,947.320565,108.376550,0
20181031, 122853,1397,947.333727,108.377510,0
20181031, 122902,1406,947.362245,108.379590,0
20181031, 122911,1415,947.384593,108.381220,0
20181031, 122920,1424,947.346478,108.378440,0
20181031, 122929,1433,947.361422,108.379530,0
20181031, 122938,1442,947.344833,108.378320,0
20181031, 122947,1451,947.338526,108.377860,0
20181031, 122956,1460,947.331396,108.377340,0
20181031, 123005,1469,947.340720,108.378020,0
20181031, 123014,1478,947.400498,108.382380,0
20181031, 123023,1487,947.426959,108.384310,0
20181031, 123031,1495,947.441082,108.385340,0
20181031, 123040,1504,947.433952,108.384820,0
20181031, 123049,1513,947.487562,108.388730,0
20181031, 123058,1522,947.607401,108.397470,0
20181031, 123107,1531,947.764681,108.408940,0
20181031, 123116,1540,947.740547,108.407180,0
20181031, 123125,1549,947.767561,108.409150,0
20181031, 123134,1558,947.775926,108.409760,0
20181031, 123143,1567,947.786210,108.410510,0
20181031, 123152,1576,947.794849,108.411140,0
20181031, 123201,1585,947.808562,108.412140,0
20181031, 123210,1594,947.860946,108.415960,0
20181031, 123219,1603,947.902635,108.419000,0
20181031, 123228,1612,947.956255,108.422910,0
20181031, 123237,1621,948.006311,108.426560,0
20181031, 123246,1630,948.044848,108.429370,0
20181031, 123255,1639,948.059797,108.430460,0
20181031, 123304,1648,948.102997,108.433610,0
20181031, 123313,1657,948.116575,108.434600,0
20181031, 123322,1666,948.181857,108.439360,0
20181031, 123331,1675,948.248513,108.444220,0
20181031, 123339,1683,948.340133,108.450900,0
20181031, 123348,1692,948.418178,108.456590,0
20181031, 123357,1701,948.445474,108.458580,0
20181031, 123406,1710,948.487446,108.461640,0
20181031, 123415,1719,948.548898,108.466120,0
20181031, 123424,1728,948.588266,108.468990,0
20181031, 123433,1737,948.650132,108.473500,0
20181031, 123442,1746,948.716663,108.478350,0
20181031, 123451,1755,948.743276,108.480290,0
20181031, 123500,1764,948.796777,108.484190,0
20181031, 123509,1773,948.882656,108.490450,0
20181031, 123518,1782,948.928889,108.493820,0
20181031, 123527,1791,949.047699,108.502480,0
20181031, 123536,1800,949.127138,108.508270,0
20181031, 123545,1809,949.178452,108.512010,0
20181031, 123554,1818,949.278888,108.519330,0
20181031, 123603,1827,949.372878,108.526180,0
20181031, 123612,1836,949.375897,108.526400,0
20181031, 123621,1845,949.403203,108.528390,0
20181031, 123630,1854,949.469343,108.533210,0
20181031, 123639,1863,949.543031,108.538580,0
20181031, 123647,1871,949.613154,108.543690,0
20181031, 123656,1880,949.651716,108.546500,0
20181031, 123705,1889,949.713470,108.551000,0
20181031, 123714,1898,949.770698,108.555170,0
20181031, 123723,1907,949.826005,108.559200,0
20181031, 123732,1916,949.866903,108.562180,0
20181031, 123741,1925,949.851943,108.561090,0
20181031, 123750,1934,950.006208,108.572330,0
20181031, 123759,1943,950.068795,108.576890,0
20181031, 123808,1952,950.121364,108.580720,0
20181031, 123817,1961,950.184365,108.585310,0
20181031, 123826,1970,950.288548,108.592900,0
20181031, 123835,1979,950.406050,108.601460,0
20181031, 123844,1988,950.354161,108.597680,0
20181031, 123853,1997,950.438995,108.603860,0
20181031, 123902,2006,950.456566,108.605140,0
20181031, 123911,2015,950.419228,108.602420,0
20181031, 123920,2024,950.418953,108.602400,0
20181031, 123929,2033,950.492258,108.607740,0
20181031, 123938,2042,950.495690,108.607990,0
20181031, 123947,2051,950.441054,108.604010,0
20181031, 123955,2059,950.440505,108.603970,0
20181031, 124004,2068,950.299254,108.593680,0
20181031, 124013,2077,950.203856,108.586730,0
20181031, 124022,2086,950.117109,108.580410,0
20181031, 124031,2095,950.088697,108.578340,0
20181031, 124040,2104,950.059736,108.576230,0
20181031, 124049,2113,950.037501,108.574610,0
20181031, 124058,2122,949.917546,108.565870,0
20181031, 124107,2131,949.934290,108.567090,0
20181031, 124116,2140,949.810909,108.558100,0
20181031, 124125,2149,949.675182,108.548210,0
20181031, 124134,2158,949.591884,108.542140,0
20181031, 124143,2167,949.646227,108.546100,0
20181031, 124152,2176,949.741192,108.553020,0
20181031, 124201,2185,949.837808,108.560060,0
20181031, 124210,2194,949.720607,108.551520,0
20181031, 124219,2203,949.589551,108.541970,0
20181031, 124228,2212,949.481418,108.534090,0
20181031, 124237,2221,949.403615,108.528420,0
20181031, 124246,2230,949.376446,108.526440,0
20181031, 124255,2239,949.386326,108.527160,0
20181031, 124304,2248,949.365057,108.525610,0
20181031, 124312,2256,949.290139,108.520150,0
20181031, 124321,2265,949.271067,108.518760,0
20181031, 124330,2274,949.208637,108.514210,0
20181031, 124339,2283,949.185449,108.512520,0
20181031, 124348,2292,949.127961,108.508330,0
20181031, 124357,2301,949.210421,108.514340,0
20181031, 124406,2310,949.242939,108.516710,0
20181031, 124415,2319,949.305507,108.521270,0
20181031, 124424,2328,949.291511,108.520250,0
20181031, 124433,2337,949.314700,108.521940,0
20181031, 124442,2346,949.348866,108.524430,0
20181031, 124451,2355,949.373839,108.526250,0
20181031, 124500,2364,949.458777,108.532440,0
20181031, 124509,2373,949.474008,108.533550,0
20181031, 124518,2382,949.492533,108.534900,0
20181031, 124527,2391,949.553186,108.539320,0
20181031, 124536,2400,949.698786,108.549930,0
20181031, 124545,2409,949.710451,108.550780,0
20181031, 124554,2418,949.724175,108.551780,0
20181031, 124603,2427,949.875412,108.562800,0
20181031, 124612,2436,949.822162,108.558920,0
20181031, 124620,2444,949.859492,108.561640,0
20181031, 124629,2453,949.877333,108.562940,0
20181031, 124638,2462,949.983425,108.570670,0
20181031, 124647,2471,950.138383,108.581960,0
20181031, 124656,2480,950.271938,108.591690,0
20181031, 124705,2489,950.405501,108.601420,0
20181031, 124714,2498,950.404540,108.601350,0
20181031, 124723,2507,950.495416,108.607970,0
20181031, 124732,2516,950.655486,108.619630,0
20181031, 124741,2525,950.644228,108.618810,0
20181031, 124750,2534,950.729484,108.625020,0
20181031, 124759,2543,950.723443,108.624580,0
20181031, 124808,2552,950.740192,108.625800,0
20181031, 124817,2561,950.851400,108.633900,0
20181031, 124826,2570,950.862659,108.634720,0
20181031, 124835,2579,950.853872,108.634080,0
20181031, 124844,2588,950.814742,108.631230,0
20181031, 124853,2597,950.829433,108.632300,0
20181031, 124902,2606,950.898356,108.637320,0
20181031, 124911,2615,950.906319,108.637900,0
20181031, 124920,2624,950.875015,108.635620,0
20181031, 124928,2632,950.861286,108.634620,0
20181031, 124937,2641,950.907418,108.637980,0
20181031, 124946,2650,950.924718,108.639240,0
20181031, 124955,2659,950.943391,108.640600,0
20181031, 125004,2668,950.945725,108.640770,0
20181031, 125013,2677,950.956709,108.641570,0
20181031, 125022,2686,950.997213,108.644520,0
20181031, 125031,2695,951.034698,108.647250,0
20181031, 125040,2704,951.203591,108.659550,0
20181031, 125049,2713,951.220069,108.660750,0
20181031, 125058,2722,951.173931,108.657390,0
20181031, 125107,2731,951.065867,108.649520,0
20181031, 125116,2740,951.024675,108.646520,0
20181031, 125125,2749,951.105686,108.652420,0
20181031, 125134,2758,951.035247,108.647290,0
20181031, 125143,2767,950.905633,108.637850,0
20181031, 125152,2776,950.914969,108.638530,0
20181031, 125201,2785,950.871034,108.635330,0
20181031, 125210,2794,950.811585,108.631000,0
20181031, 125219,2803,950.896297,108.637170,0
20181031, 125228,2812,950.916480,108.638640,0
20181031, 125236,2820,950.873642,108.635520,0
20181031, 125245,2829,950.814605,108.631220,0
20181031, 125254,2838,950.731543,108.625170,0
20181031, 125303,2847,950.678413,108.621300,0
20181031, 125312,2856,950.638600,108.618400,0
20181031, 125321,2865,950.621576,108.617160,0
20181031, 125330,2874,950.657270,108.619760,0
20181031, 125339,2883,950.583274,108.614370,0
20181031, 125348,2892,950.507359,108.608840,0
20181031, 125357,2901,950.445722,108.604350,0
20181031, 125406,2910,950.409207,108.601690,0
20181031, 125415,2919,950.377360,108.599370,0
20181031, 125424,2928,950.368849,108.598750,0
20181031, 125433,2937,950.292254,108.593170,0
20181031, 125442,2946,950.215661,108.587590,0
20181031, 125451,2955,950.350730,108.597430,0
20181031, 125500,2964,950.291293,108.593100,0
20181031, 125509,2973,950.201934,108.586590,0
20181031, 125518,2982,950.258624,108.590720,0
20181031, 125527,2991,950.224445,108.588230,0
20181031, 125536,3000,950.251623,108.590210,0
20181031, 125545,3009,950.256290,108.590550,0
20181031, 125553,3017,950.269742,108.591530,0
20181031, 125602,3026,950.291567,108.593120,0
20181031, 125611,3035,950.313805,108.594740,0
20181031, 125620,3044,950.311197,108.594550,0
20181031, 125629,3053,950.248604,108.589990,0
20181031, 125638,3062,950.219092,108.587840,0
20181031, 125647,3071,950.270017,108.591550,0
20181031, 125656,3080,950.194248,108.586030,0
20181031, 125705,3089,950.165561,108.583940,0
20181031, 125714,3098,950.122736,108.580820,0
20181031, 125723,3107,950.183953,108.585280,0
20181031, 125732,3116,950.214837,108.587530,0
20181031, 125741,3125,950.288959,108.592930,0
20181031, 125750,3134,950.255192,108.590470,0
20181031, 125759,3143,950.171600,108.584380,0
20181031, 125808,3152,950.271527,108.591660,0
20181031, 125817,3161,950.269468,108.591510,0
20181031, 125826,3170,950.274409,108.591870,0
20181031, 125835,3179,950.354299,108.597690,0
20181031, 125844,3188,950.348671,108.597280,0
20181031, 125853,3197,950.403579,108.601280,0
20181031, 125901,3205,950.442564,108.604120,0
20181031, 125910,3214,950.466176,108.605840,0
20181031, 125919,3223,950.490748,108.607630,0
20181031, 125928,3232,950.537423,108.611030,0
20181031, 125937,3241,950.605102,108.615960,0
20181031, 125946,3250,950.713833,108.623880,0
20181031, 125955,3259,950.795658,108.629840,0
20181031, 130004,3268,950.942567,108.640540,0
20181031, 130013,3277,951.008610,108.645350,0
20181031, 130022,3286,950.985680,108.643680,0
20181031, 130031,3295,950.971126,108.642620,0
20181031, 130040,3304,950.968654,108.642440,0
20181031, 130049,3313,951.051999,108.648510,0
20181031, 130058,3322,951.159513,108.656340,0
20181031, 130107,3331,951.233251,108.661710,0
20181031, 130116,3340,951.348326,108.670090,0
20181031, 130125,3349,951.344755,108.669830,0
20181031, 130134,3358,951.405865,108.674280,0
20181031, 130143,3367,951.352995,108.670430,0
20181031, 130152,3376,951.362745,108.671140,0
20181031, 130201,3385,951.371122,108.671750,0
20181031, 130209,3393,951.391721,108.673250,0
20181031, 130218,3402,951.430996,108.676110,0
20181031, 130227,3411,951.456539,108.677970,0
20181031, 130236,3420,951.591264,108.687780,0
20181031, 130245,3429,951.628070,108.690460,0
20181031, 130254,3438,951.696878,108.695470,0
20181031, 130303,3447,951.693032,108.695190,0
20181031, 130312,3456,951.803596,108.703240,0
20181031, 130321,3465,951.893973,108.709820,0
20181031, 130330,3474,951.815271,108.704090,0
20181031, 130339,3483,951.743438,108.698860,0
20181031, 130348,3492,951.718166,108.697020,0
20181031, 130357,3501,951.679848,108.694230,0
20181031, 130406,3510,951.630954,108.690670,0
20181031, 130415,3519,951.556655,108.685260,0
20181031, 130424,3528,951.486477,108.680150,0
20181031, 130433,3537,951.386914,108.672900,0
20181031, 130442,3546,951.362608,108.671130,0
20181031, 130451,3555,951.274721,108.664730,0
20181031, 130500,3564,951.230642,108.661520,0
20181031, 130509,3573,951.322509,108.668210,0
20181031, 130517,3581,951.211006,108.660090,0
20181031, 130526,3590,951.150862,108.655710,0
20181031, 130535,3599,951.248219,108.662800,0
20181031, 130544,3608,951.284334,108.665430,0
20181031, 130553,3617,951.249592,108.662900,0
20181031, 130602,3626,951.105549,108.652410,0
20181031, 130611,3635,951.144271,108.655230,0
20181031, 130620,3644,951.248631,108.662830,0
20181031, 130629,3653,951.088797,108.651190,0
20181031, 130638,3662,951.098272,108.651880,0
20181031, 130647,3671,951.074243,108.650130,0
20181031, 130656,3680,951.033325,108.647150,0
20181031, 130705,3689,951.267306,108.664190,0
20181031, 130714,3698,951.145232,108.655300,0
20181031, 130723,3707,951.097860,108.651850,0
20181031, 130732,3716,951.062983,108.649310,0
20181031, 130741,3725,951.117495,108.653280,0
20181031, 130750,3734,951.009296,108.645400,0
20181031, 130759,3743,950.937761,108.640190,0
20181031, 130808,3752,951.085090,108.650920,0
20181031, 130817,3761,951.037307,108.647440,0
20181031, 130825,3769,951.007649,108.645280,0
20181031, 130834,3778,950.954924,108.641440,0
20181031, 130843,3787,951.009571,108.645420,0
20181031, 130852,3796,951.077675,108.650380,0
20181031, 130901,3805,950.972636,108.642730,0
20181031, 130910,3814,951.026185,108.646630,0
20181031, 130919,3823,951.026597,108.646660,0
20181031, 130928,3832,950.932818,108.639830,0
20181031, 130937,3841,950.928288,108.639500,0
20181031, 130946,3850,950.912361,108.638340,0
20181031, 130955,3859,950.928562,108.639520,0
20181031, 131004,3868,950.959455,108.641770,0
20181031, 131013,3877,951.032501,108.647090,0
20181031, 131022,3886,951.081520,108.650660,0
20181031, 131031,3895,951.173381,108.657350,0
20181031, 131040,3904,951.108845,108.652650,0
20181031, 131049,3913,951.080559,108.650590,0
20181031, 131058,3922,951.123400,108.653710,0
20181031, 131107,3931,951.253849,108.663210,0
20181031, 131116,3940,951.298066,108.666430,0
20181031, 131125,3949,951.423169,108.675540,0
20181031, 131134,3958,951.385266,108.672780,0
20181031, 131142,3966,951.346678,108.669970,0
20181031, 131151,3975,951.385404,108.672790,0
20181031, 131200,3984,951.434292,108.676350,0
20181031, 131209,3993,951.517377,108.682400,0
20181031, 131218,4002,951.484006,108.679970,0
20181031, 131227,4011,951.495267,108.680790,0
20181031, 131236,4020,951.451870,108.677630,0
20181031, 131245,4029,951.472058,108.679100,0
20181031, 131254,4038,951.485791,108.680100,0
20181031, 131303,4047,951.483319,108.679920,0
20181031, 131312,4056,951.533720,108.683590,0
20181031, 131321,4065,951.564346,108.685820,0
20181031, 131330,4074,951.608980,108.689070,0
20181031, 131339,4083,951.802085,108.703130,0
20181031, 131348,4092,951.929960,108.712440,0
20181031, 131357,4101,951.984628,108.716420,0
20181031, 131406,4110,951.980370,108.716110,0
20181031, 131415,4119,951.972403,108.715530,0
20181031, 131424,4128,951.977073,108.715870,0
20181031, 131433,4137,951.957294,108.714430,0
20181031, 131442,4146,952.020754,108.719050,0
20181031, 131450,4154,952.225430,108.733950,0
20181031, 131459,4163,952.225430,108.733950,0
20181031, 131508,4172,952.262246,108.736630,0
20181031, 131517,4181,952.188752,108.731280,0
20181031, 131526,4190,952.163888,108.729470,0
20181031, 131535,4199,952.122815,108.726480,0
20181031, 131544,4208,952.091358,108.724190,0
20181031, 131553,4217,952.127623,108.726830,0
20181031, 131602,4226,952.097952,108.724670,0
20181031, 131611,4235,952.041907,108.720590,0
20181031, 131620,4244,951.961140,108.714710,0
20181031, 131629,4253,951.930235,108.712460,0
20181031, 131638,4262,951.957843,108.714470,0
20181031, 131647,4271,951.890402,108.709560,0
20181031, 131656,4280,951.879826,108.708790,0
20181031, 131705,4289,951.850844,108.706680,0
20181031, 131714,4298,951.808540,108.703600,0
20181031, 131723,4307,951.852905,108.706830,0
20181031, 131732,4316,951.966772,108.715120,0
20181031, 131741,4325,952.057704,108.721740,0
20181031, 131750,4334,951.862657,108.707540,0
20181031, 131758,4342,951.798789,108.702890,0
20181031, 131807,4351,951.669822,108.693500,0
20181031, 131816,4360,951.584671,108.687300,0
20181031, 131825,4369,951.511197,108.681950,0
20181031, 131834,4378,951.528776,108.683230,0
20181031, 131843,4387,951.554595,108.685110,0
20181031, 131852,4396,951.590852,108.687750,0
20181031, 131901,4405,951.630268,108.690620,0
20181031, 131910,4414,951.789586,108.702220,0
20181031, 131919,4423,951.611315,108.689240,0
20181031, 131928,4432,951.583023,108.687180,0
20181031, 131937,4441,951.526441,108.683060,0
20181031, 131946,4450,951.439373,108.676720,0
20181031, 131955,4459,951.428524,108.675930,0
20181031, 132004,4468,951.399686,108.673830,0
20181031, 132013,4477,951.422894,108.675520,0
20181031, 132022,4486,951.392407,108.673300,0
20181031, 132031,4495,951.483456,108.679930,0
20181031, 132040,4504,951.507489,108.681680,0
20181031, 132049,4513,951.462445,108.678400,0
20181031, 132058,4522,951.451321,108.677590,0
20181031, 132106,4530,951.603899,108.688700,0
20181031, 132115,4539,951.502545,108.681320,0
20181031, 132124,4548,951.535643,108.683730,0
20181031, 132133,4557,951.486615,108.680160,0
20181031, 132142,4566,951.441021,108.676840,0
20181031, 132151,4575,951.490185,108.680420,0
20181031, 132200,4584,951.486340,108.680140,0
20181031, 132209,4593,951.386777,108.672890,0
20181031, 132218,4602,951.354643,108.670550,0
20181031, 132227,4611,951.330337,108.668780,0
20181031, 132236,4620,951.291886,108.665980,0
20181031, 132245,4629,951.309052,108.667230,0
20181031, 132254,4638,951.404492,108.674180,0
20181031, 132303,4647,951.448986,108.677420,0
20181031, 132312,4656,951.478238,108.679550,0
20181031, 132321,4665,951.539351,108.684000,0
20181031, 132330,4674,951.565719,108.685920,0
20181031, 132339,4683,951.578079,108.686820,0
20181031, 132348,4692,951.541411,108.684150,0
20181031, 132357,4701,951.488125,108.680270,0
20181031, 132406,4710,951.591950,108.687830,0
20181031, 132415,4719,951.598954,108.688340,0
20181031, 132423,4727,951.640705,108.691380,0
20181031, 132432,4736,951.637272,108.691130,0
20181031, 132441,4745,951.723248,108.697390,0
20181031, 132450,4754,951.761705,108.700190,0
20181031, 132459,4763,951.694818,108.695320,0
20181031, 132508,4772,951.709376,108.696380,0
20181031, 132517,4781,951.833675,108.705430,0
20181031, 132526,4790,951.842878,108.706100,0
20181031, 132535,4799,951.953448,108.714150,0
20181031, 132544,4808,951.922405,108.711890,0
20181031, 132553,4817,951.982430,108.716260,0
20181031, 132602,4826,952.026935,108.719500,0
20181031, 132611,4835,952.037100,108.720240,0
20181031, 132620,4844,952.052896,108.721390,0
20181031, 132629,4853,952.091496,108.724200,0
20181031, 132638,4862,952.079682,108.723340,0
20181031, 132647,4871,952.076111,108.723080,0
20181031, 132656,4880,952.148502,108.728350,0
20181031, 132705,4889,952.161278,108.729280,0
20181031, 132714,4898,952.147266,108.728260,0
20181031, 132723,4907,952.187515,108.731190,0
20181031, 132731,4915,952.273922,108.737480,0
20181031, 132740,4924,952.268290,108.737070,0
20181031, 132749,4933,952.372971,108.744690,0
20181031, 132758,4942,952.344534,108.742620,0
20181031, 132807,4951,952.348793,108.742930,0
20181031, 132816,4960,952.370086,108.744480,0
20181031, 132825,4969,952.458561,108.750920,0
20181031, 132834,4978,952.476421,108.752220,0
20181031, 132843,4987,952.483290,108.752720,0
20181031, 132852,4996,952.514614,108.755000,0
20181031, 132901,5005,952.485351,108.752870,0
20181031, 132910,5014,952.451554,108.750410,0
20181031, 132919,5023,952.429298,108.748790,0
20181031, 132928,5032,952.411026,108.747460,0
20181031, 132937,5041,952.358684,108.743650,0
20181031, 132946,5050,952.363355,108.743990,0
20181031, 132955,5059,952.370773,108.744530,0
20181031, 133004,5068,952.496342,108.753670,0
20181031, 133013,5077,952.512279,108.754830,0
20181031, 133022,5086,952.443586,108.749830,0
20181031, 133031,5095,952.318844,108.740750,0
20181031, 133039,5103,952.247821,108.735580,0
20181031, 133048,5112,952.168146,108.729780,0
20181031, 133057,5121,952.096303,108.724550,0
20181031, 133106,5130,951.903038,108.710480,0
20181031, 133115,5139,951.969656,108.715330,0
20181031, 133124,5148,952.060039,108.721910,0
20181031, 133133,5157,951.911829,108.711120,0
20181031, 133142,5166,951.891363,108.709630,0
20181031, 133151,5175,951.769808,108.700780,0
20181031, 133200,5184,951.740004,108.698610,0
20181031, 133209,5193,951.682869,108.694450,0
20181031, 133218,5202,951.684105,108.694540,0
20181031, 133227,5211,951.800437,108.703010,0
20181031, 133236,5220,951.740416,108.698640,0
20181031, 133245,5229,951.814721,108.704050,0
20181031, 133254,5238,951.859909,108.707340,0
20181031, 133303,5247,951.954821,108.714250,0
20181031, 133312,5256,951.834500,108.705490,0
20181031, 133321,5265,951.749481,108.699300,0
20181031, 133330,5274,951.664740,108.693130,0
20181031, 133339,5283,951.669135,108.693450,0
20181031, 133347,5291,951.810601,108.703750,0
20181031, 133356,5300,951.905648,108.710670,0
20181031, 133405,5309,951.918010,108.711570,0
20181031, 133414,5318,951.814034,108.704000,0
20181031, 133423,5327,951.776813,108.701290,0
20181031, 133432,5336,951.868700,108.707980,0
20181031, 133441,5345,951.783131,108.701750,0
20181031, 133450,5354,951.711299,108.696520,0
20181031, 133459,5363,951.709651,108.696400,0
20181031, 133508,5372,951.702372,108.695870,0
20181031, 133517,5381,951.766649,108.700550,0
20181031, 133526,5390,951.750580,108.699380,0
20181031, 133535,5399,951.778324,108.701400,0
20181031, 133544,5408,951.723523,108.697410,0
20181031, 133553,5417,951.809364,108.703660,0
20181031, 133602,5426,951.768572,108.700690,0
20181031, 133611,5435,951.826671,108.704920,0
20181031, 133620,5444,951.837796,108.705730,0
20181031, 133629,5453,951.896583,108.710010,0
20181031, 133638,5462,952.015534,108.718670,0
20181031, 133647,5471,951.990672,108.716860,0
20181031, 133655,5479,952.059902,108.721900,0
20181031, 133704,5488,952.016358,108.718730,0
20181031, 133713,5497,952.023089,108.719220,0
20181031, 133722,5506,952.030369,108.719750,0
20181031, 133731,5515,952.057841,108.721750,0
20181031, 133740,5524,952.039710,108.720430,0
20181031, 133749,5533,952.105369,108.725210,0
20181031, 133758,5542,952.136277,108.727460,0
20181031, 133807,5551,952.157981,108.729040,0
20181031, 133816,5560,952.237793,108.734850,0
20181031, 133825,5569,952.179823,108.730630,0
20181031, 133834,5578,952.154684,108.728800,0
20181031, 133843,5587,952.172267,108.730080,0
20181031, 133852,5596,952.233260,108.734520,0
20181031, 133901,5605,952.228589,108.734180,0
20181031, 133910,5614,952.232573,108.734470,0
20181031, 133919,5623,952.279143,108.737860,0
20181031, 133928,5632,952.378467,108.745090,0
20181031, 133937,5641,952.403333,108.746900,0
20181031, 133946,5650,952.381901,108.745340,0
20181031, 133955,5659,952.403882,108.746940,0
20181031, 134004,5668,952.408553,108.747280,0
20181031, 134012,5676,952.423665,108.748380,0
20181031, 134021,5685,952.444273,108.749880,0
20181031, 134030,5694,952.533986,108.756410,0
20181031, 134039,5703,952.743238,108.771640,0
20181031, 134048,5712,952.638266,108.764000,0
20181031, 134057,5721,952.691164,108.767850,0
20181031, 134106,5730,952.861405,108.780240,0
20181031, 134115,5739,952.839695,108.778660,0
20181031, 134124,5748,952.938767,108.785870,0
20181031, 134133,5757,952.877482,108.781410,0
20181031, 134142,5766,952.827603,108.777780,0
20181031, 134151,5775,952.754917,108.772490,0
20181031, 134200,5784,952.666432,108.766050,0
20181031, 134209,5793,952.710812,108.769280,0
20181031, 134218,5802,952.590179,108.760500,0
20181031, 134227,5811,952.515301,108.755050,0
20181031, 134236,5820,952.512279,108.754830,0
20181031, 134245,5829,952.612574,108.762130,0
20181031, 134254,5838,952.711499,108.769330,0
20181031, 134303,5847,952.747223,108.771930,0
20181031, 134312,5856,952.612986,108.762160,0
20181031, 134320,5864,952.525331,108.755780,0
20181031, 134329,5873,952.458835,108.750940,0
20181031, 134338,5882,952.451554,108.750410,0
20181031, 134347,5891,952.334780,108.741910,0
20181031, 134356,5900,952.222407,108.733730,0
20181031, 134405,5909,952.183257,108.730880,0
20181031, 134414,5918,952.088611,108.723990,0
20181031, 134423,5927,952.175976,108.730350,0
20181031, 134432,5936,952.112650,108.725740,0
20181031, 134441,5945,951.982018,108.716230,0
20181031, 134450,5954,951.887792,108.709370,0
20181031, 134459,5963,951.913203,108.711220,0
20181031, 134508,5972,951.921032,108.711790,0
20181031, 134517,5981,951.891638,108.709650,0
20181031, 134526,5990,951.975562,108.715760,0
20181031, 134535,5999,951.914027,108.711280,0
20181031, 134544,6008,951.936141,108.712890,0
20181031, 134553,6017,951.986414,108.716550,0
20181031, 134602,6026,951.871035,108.708150,0
20181031, 134611,6035,951.822687,108.704630,0
20181031, 134620,6044,951.840543,108.705930,0
20181031, 134628,6052,951.875842,108.708500,0
20181031, 134637,6061,951.802222,108.703140,0
20181031, 134646,6070,951.805656,108.703390,0
20181031, 134655,6079,951.844663,108.706230,0
20181031, 134704,6088,951.823786,108.704710,0
20181031, 134713,6097,951.825297,108.704820,0
20181031, 134722,6106,951.752915,108.699550,0
20181031, 134731,6115,951.756623,108.699820,0
20181031, 134740,6124,951.764040,108.700360,0
20181031, 134749,6133,951.755387,108.699730,0
20181031, 134758,6142,951.736021,108.698320,0
20181031, 134807,6151,951.685891,108.694670,0
20181031, 134816,6160,951.816781,108.704200,0
20181031, 134825,6169,951.876529,108.708550,0
20181031, 134834,6178,951.865678,108.707760,0
20181031, 134843,6187,951.858536,108.707240,0
20181031, 134852,6196,951.904137,108.710560,0
20181031, 134901,6205,951.896857,108.710030,0
20181031, 134910,6214,952.087375,108.723900,0
20181031, 134919,6223,952.193285,108.731610,0
20181031, 134928,6232,952.265130,108.736840,0
20181031, 134936,6240,952.356211,108.743470,0
20181031, 134945,6249,952.410614,108.747430,0
20181031, 134954,6258,952.285737,108.738340,0
20181031, 135003,6267,952.452928,108.750510,0
20181031, 135012,6276,952.475734,108.752170,0
20181031, 135021,6285,952.433557,108.749100,0
20181031, 135030,6294,952.336703,108.742050,0
20181031, 135039,6303,952.343710,108.742560,0
20181031, 135048,6312,952.371186,108.744560,0
20181031, 135057,6321,952.501975,108.754080,0
20181031, 135106,6330,952.601445,108.761320,0
20181031, 135115,6339,952.613123,108.762170,0
20181031, 135124,6348,952.603781,108.761490,0
20181031, 135133,6357,952.602819,108.761420,0
20181031, 135142,6366,952.612436,108.762120,0
20181031, 135151,6375,952.631122,108.763480,0
20181031, 135200,6384,952.685805,108.767460,0
20181031, 135209,6393,952.767696,108.773420,0
20181031, 135218,6402,952.834199,108.778260,0
20181031, 135227,6411,952.889162,108.782260,0
20181031, 135236,6420,952.912246,108.783940,0
20181031, 135244,6428,952.887238,108.782120,0
20181031, 135253,6437,952.924751,108.784850,0
20181031, 135302,6446,952.995243,108.789980,0
20181031, 135311,6455,952.981914,108.789010,0
20181031, 135320,6464,952.980540,108.788910,0
20181031, 135329,6473,953.077281,108.795950,0
20181031, 135338,6482,952.990708,108.789650,0
20181031, 135347,6491,952.968173,108.788010,0
20181031, 135356,6500,952.924476,108.784830,0
20181031, 135405,6509,952.943713,108.786230,0
20181031, 135414,6518,953.087725,108.796710,0
20181031, 135423,6527,952.936843,108.785730,0
20181031, 135432,6536,953.044988,108.793600,0
20181031, 135441,6545,952.938354,108.785840,0
20181031, 135450,6554,952.889299,108.782270,0
20181031, 135459,6563,953.031246,108.792600,0
20181031, 135508,6572,953.145304,108.800900,0
20181031, 135517,6581,953.199999,108.804880,0
20181031, 135526,6590,953.062440,108.794870,0
20181031, 135535,6599,952.922277,108.784670,0
20181031, 135544,6608,952.764535,108.773190,0
20181031, 135553,6617,952.754093,108.772430,0
20181031, 135601,6625,952.760825,108.772920,0
20181031, 135610,6634,952.733208,108.770910,0
20181031, 135619,6643,952.828016,108.777810,0
20181031, 135628,6652,952.864703,108.780480,0
20181031, 135637,6661,952.766596,108.773340,0
20181031, 135646,6670,952.649121,108.764790,0
20181031, 135655,6679,952.634282,108.763710,0
20181031, 135704,6688,952.642251,108.764290,0
20181031, 135713,6697,952.648159,108.764720,0
20181031, 135722,6706,952.613536,108.762200,0
20181031, 135731,6715,952.625764,108.763090,0
20181031, 135740,6724,952.533986,108.756410,0
20181031, 135749,6733,952.548000,108.757430,0
20181031, 135758,6742,952.634007,108.763690,0
20181031, 135807,6751,952.638129,108.763990,0
20181031, 135816,6760,952.670692,108.766360,0
20181031, 135825,6769,952.608452,108.761830,0
20181031, 135834,6778,952.527804,108.755960,0
20181031, 135843,6787,952.497716,108.753770,0
20181031, 135852,6796,952.519423,108.755350,0
20181031, 135901,6805,952.614635,108.762280,0
20181031, 135909,6813,952.742139,108.771560,0
20181031, 135918,6822,952.710262,108.769240,0
20181031, 135927,6831,952.782810,108.774520,0
