2.00324803457167E-04,2.00318617427236E-04,02,31,07
2.003262325378E-04,2.00320046463739E-04,02,31,30
2.00327144444733E-04,2.00320958342513E-04,02,31,54
2.003278130094E-04,2.00321626886534E-04,02,32,04
2.003282033044E-04,2.00322017169482E-04,02,32,14
2.00328465892067E-04,2.0032227974904E-04,02,32,24
2.00328699120167E-04,2.00322512969938E-04,02,32,34
2.00328933980133E-04,2.00322747822652E-04,02,32,44
2.00329164760267E-04,2.00322978595659E-04,02,32,54
2.003308977789E-04,2.00324711560777E-04,02,33,17
2.00331233268367E-04,2.00325047039883E-04,02,33,27
2.00331687333567E-04,2.00325501091062E-04,02,33,37
2.00331874992733E-04,2.00325688744434E-04,02,33,47
2.00332071252967E-04,2.00325884998606E-04,02,33,57
2.003331800378E-04,2.003269937492E-04,02,34,20
2.00333619328867E-04,2.00327433026702E-04,02,34,30
0.000200333913553,2.00327727241749E-04,02,34,40
2.003340955881E-04,2.00327909271228E-04,02,34,50
2.00334270856833E-04,2.00328084534549E-04,02,35,00
2.00334456167467E-04,2.0032826983946E-04,02,35,10
2.003346412951E-04,2.00328454961377E-04,02,35,20
2.00334819840667E-04,2.0032863350143E-04,02,35,30
2.00334997369033E-04,2.00328811024315E-04,02,35,40
2.00336726416633E-04,2.00330540018522E-04,02,36,03
2.003369956891E-04,2.00330809282673E-04,02,36,13
2.00337349450433E-04,2.00331163033082E-04,02,36,23
2.003375006224E-04,2.00331314200381E-04,02,36,33
2.00337655173233E-04,2.00331468746442E-04,02,36,42
2.00337806153733E-04,2.00331619722279E-04,02,36,52
2.003389084392E-04,2.00332721973707E-04,02,37,16
2.00339155526033E-04,2.00332969052911E-04,02,37,26
2.00339498671233E-04,2.00333312187514E-04,02,37,35
2.003396207288E-04,2.00333434241312E-04,02,37,45
0.000200339753742,2.00333567250404E-04,02,37,55
2.00339888909567E-04,2.00333702413797E-04,02,38,05
2.003400286517E-04,2.00333842151615E-04,02,38,15
2.00340168306667E-04,2.00333981802269E-04,02,38,25
2.003403006552E-04,2.00334114146716E-04,02,38,35
2.00340432102133E-04,2.0033424558959E-04,02,38,45
2.00340567967433E-04,2.00334381450695E-04,02,38,55
2.00340706409167E-04,2.00334519888153E-04,02,39,05
2.00342493852867E-04,2.00336307276656E-04,02,39,29
2.003427216251E-04,2.00336535041856E-04,02,39,38
2.003429452387E-04,2.00336758648551E-04,02,39,48
2.003430587652E-04,2.00336872171545E-04,02,39,58
2.00343181570533E-04,2.00336994973086E-04,02,40,08
2.00343302994067E-04,2.0033711639287E-04,02,40,18
2.00343420171433E-04,2.00337233566618E-04,02,40,28
2.003435378282E-04,2.00337351219752E-04,02,40,38
2.00344665130233E-04,2.00338478486974E-04,02,41,01
2.00344830491367E-04,2.00338643843001E-04,02,41,11
2.00345065291633E-04,2.00338878636017E-04,02,41,21
2.00345149684233E-04,2.00338963026011E-04,02,41,31
2.003452397348E-04,2.00339053073797E-04,02,41,41
2.00345337568767E-04,2.00339150904743E-04,02,41,51
2.003454487441E-04,2.00339262076643E-04,02,42,01
2.003455584649E-04,2.00339371794055E-04,02,42,11
2.00345663115033E-04,2.00339476440956E-04,02,42,21
2.00345770082933E-04,2.00339583405553E-04,02,42,31
2.00345880084333E-04,2.00339693403556E-04,02,42,40
2.00345988124267E-04,2.00339801440153E-04,02,42,50
2.00346092812733E-04,2.00339906125387E-04,02,43,00
2.00346302098133E-04,2.00340115404325E-04,02,43,10
2.00346511525433E-04,2.00340324825157E-04,02,43,20
2.00347993925733E-04,2.00341807179681E-04,02,43,44
2.00348158247867E-04,2.0034197149674E-04,02,43,54
2.00348258077633E-04,2.00342071323424E-04,02,44,03
2.00348355615867E-04,2.00342168858645E-04,02,44,13
2.00348447336733E-04,2.0034226057668E-04,02,44,23
2.003485407916E-04,2.0034235402866E-04,02,44,33
2.00348632552433E-04,2.0034244578666E-04,02,44,43
2.003487179556E-04,2.0034253118719E-04,02,44,53
2.003488037176E-04,2.00342616946541E-04,02,45,03
2.00348892276233E-04,2.0034270550244E-04,02,45,13
2.003489809156E-04,2.00342794139069E-04,02,45,23
2.00349066755433E-04,2.00342879976252E-04,02,45,33
2.00349150207433E-04,2.00342963425675E-04,02,45,43
2.00349323401733E-04,2.00343136614627E-04,02,45,53
2.00350554321667E-04,2.00344367496549E-04,02,46,16
2.00350667923767E-04,2.00344481095141E-04,02,46,26
2.00350840010667E-04,2.00344653176727E-04,02,46,36
2.003509036663E-04,2.00344716830395E-04,02,46,46
2.003509656213E-04,2.00344778783482E-04,02,46,56
2.00351031298333E-04,2.00344844458487E-04,02,47,06
2.003510999616E-04,2.00344913119633E-04,02,47,16
2.003511692699E-04,2.00344982425793E-04,02,47,26
2.003512340616E-04,2.00345047215492E-04,02,47,36
2.00351297223833E-04,2.00345110375775E-04,02,47,46
2.003513657054E-04,2.00345178855227E-04,02,47,56
2.00351437133767E-04,2.00345250281388E-04,02,48,06
2.00351508573933E-04,2.00345321719349E-04,02,48,16
2.00351646307333E-04,2.00345459448495E-04,02,48,26
2.00351784335267E-04,2.00345597472166E-04,02,48,36
2.00351922380467E-04,2.00345735513104E-04,02,48,46
2.00352058874767E-04,2.00345872003189E-04,02,48,55
2.00352195027533E-04,2.00346008151751E-04,02,49,06
2.00353237159033E-04,2.0034705025107E-04,02,49,29
2.00353335851667E-04,2.00347148940656E-04,02,49,39
2.00353466172967E-04,2.00347279257931E-04,02,49,49
2.003535309834E-04,2.00347344066363E-04,02,49,59
2.00353582810067E-04,2.0034739589143E-04,02,50,08
2.00353634322533E-04,2.00347447402305E-04,02,50,18
2.00353688417933E-04,2.00347501496035E-04,02,50,28
2.00353740545567E-04,2.00347553622059E-04,02,50,38
2.003537943069E-04,2.00347607381732E-04,02,50,48
2.00353847133267E-04,2.00347660206467E-04,02,50,58
2.00353902984467E-04,2.00347716055943E-04,02,51,08
2.00353963721233E-04,2.00347776790834E-04,02,51,18
2.00354024121833E-04,2.00347837189568E-04,02,51,28
2.003541401749E-04,2.00347953239051E-04,02,51,38
2.00354256406767E-04,2.00348069467329E-04,02,51,48
2.003543715262E-04,2.00348184583207E-04,02,51,58
2.00354485620567E-04,2.00348298674051E-04,02,52,08
2.003545996001E-04,2.00348412650064E-04,02,52,18
2.003547128046E-04,2.00348525851069E-04,02,52,28
2.003548267377E-04,2.0034863978065E-04,02,52,38
2.00354936722867E-04,2.00348749762421E-04,02,52,48
2.00355042912567E-04,2.00348855948842E-04,02,52,58
2.00355918794633E-04,2.00349731803861E-04,02,53,21
2.00355963444667E-04,2.00349776452516E-04,02,53,31
2.00355972699867E-04,2.0034978570743E-04,02,53,41
2.00356061152933E-04,2.00349874157765E-04,02,53,51
2.00356125085667E-04,2.00349938088524E-04,02,54,00
2.00356171787733E-04,2.00349984789149E-04,02,54,10
2.00356213447733E-04,2.00350026447862E-04,02,54,20
2.00356253758833E-04,2.00350066757717E-04,02,54,30
2.00356296623133E-04,2.00350109620694E-04,02,54,40
2.00356342673633E-04,2.00350155669772E-04,02,54,50
2.00356389131267E-04,2.0035020212597E-04,02,55,00
2.00356433861967E-04,2.00350246855289E-04,02,55,10
2.00356477644433E-04,2.00350290636404E-04,02,55,20
2.003565679648E-04,2.00350380953981E-04,02,55,30
2.00356654925367E-04,2.00350467911863E-04,02,55,40
2.00356742542367E-04,2.00350555526157E-04,02,55,50
2.003568324221E-04,2.00350645403115E-04,02,56,00
2.00356925692367E-04,2.00350738670501E-04,02,56,10
0.000200357018693,2.00350831668263E-04,02,56,20
2.003571103816E-04,2.00350923354031E-04,02,56,30
2.00357198658833E-04,2.00351011628539E-04,02,56,40
2.003572841249E-04,2.00351097091966E-04,02,56,50
2.003573699254E-04,2.00351182889817E-04,02,57,00
2.003574545422E-04,2.00351267504004E-04,02,57,10
2.00357539546833E-04,2.00351352506012E-04,02,57,20
2.003576251204E-04,2.00351438076936E-04,02,57,30
2.00357709521667E-04,2.00351522475597E-04,02,57,40
2.003577912677E-04,2.00351604219106E-04,02,57,50
2.003578670478E-04,2.00351679996866E-04,02,58,00
2.003585580307E-04,2.00352370958428E-04,02,58,23
2.00358519486433E-04,2.00352332415352E-04,02,58,33
2.00358579300167E-04,2.00352392227238E-04,02,58,43
0.000200358601808,2.00352414734376E-04,02,58,53
2.00358624521933E-04,2.00352437447608E-04,02,59,03
2.003586482838E-04,2.00352461208741E-04,02,59,13
2.00358679499633E-04,2.0035249242361E-04,02,59,22
2.00358711528067E-04,2.00352524451055E-04,02,59,32
2.00358740898033E-04,2.00352553820114E-04,02,59,42
2.003587725026E-04,2.00352585423705E-04,02,59,52
2.003588069024E-04,2.00352619822443E-04,03,00,02
2.00358840356333E-04,2.00352653275343E-04,03,00,12
2.00358871721433E-04,2.00352684639475E-04,03,00,22
2.003589338624E-04,2.00352746778522E-04,03,00,32
2.00358999467633E-04,2.0035281238173E-04,03,00,42
2.00359067033267E-04,2.00352879945277E-04,03,00,52
0.000200359133487,2.00352946396958E-04,03,01,02
2.00359200820267E-04,2.00353013728145E-04,03,01,12
2.003592711506E-04,2.00353084056307E-04,03,01,22
2.00359341716667E-04,2.00353154620194E-04,03,01,32
2.00359408950833E-04,2.00353221852285E-04,03,01,42
2.003594754762E-04,2.00353288375597E-04,03,01,52
2.00359541765033E-04,2.00353354662384E-04,03,02,02
2.00359605793567E-04,2.0035341868894E-04,03,02,12
2.00359668747033E-04,2.00353481640462E-04,03,02,22
2.003597326264E-04,2.00353545517856E-04,03,02,32
2.00359797516733E-04,2.00353610406186E-04,03,02,42
2.00359862709567E-04,2.00353675597006E-04,03,02,52
2.00359925628733E-04,2.0035373851423E-04,03,03,02
2.003599849562E-04,2.00353797839865E-04,03,03,12
2.00360042370467E-04,2.00353855252358E-04,03,03,22
2.00360098113967E-04,2.00353910994137E-04,03,03,32
2.003601574466E-04,2.00353970324938E-04,03,03,41
2.00360215296167E-04,2.00354028172718E-04,03,03,51
2.00360273564333E-04,2.00354086439086E-04,03,04,01
2.00360333149333E-04,2.00354146022246E-04,03,04,11
2.003603886365E-04,2.00354201507699E-04,03,04,21
2.003604427659E-04,2.00354255635427E-04,03,04,31
2.003604972268E-04,2.00354310094646E-04,03,04,41
2.00360552857967E-04,2.00354365724094E-04,03,04,51
2.00360612321867E-04,2.00354425186158E-04,03,05,01
2.00360672611233E-04,2.00354485473663E-04,03,05,11
2.00361223376233E-04,2.00355036221655E-04,03,05,35
2.003611968094E-04,2.00355009655643E-04,03,05,44
2.00361196111633E-04,2.00355008957897E-04,03,05,54
2.00361218712867E-04,2.00355031558433E-04,03,06,04
2.00361230578767E-04,2.00355043423966E-04,03,06,14
2.003612400487E-04,2.00355052893607E-04,03,06,24
2.00361255769467E-04,2.00355068613888E-04,03,06,34
2.00361272101633E-04,2.00355084945551E-04,03,06,44
2.00361289538833E-04,2.00355102382212E-04,03,06,54
2.003613089707E-04,2.00355121813479E-04,03,07,04
2.00361328988033E-04,2.00355141830194E-04,03,07,14
2.00361348522533E-04,2.00355161364091E-04,03,07,24
2.00361367277533E-04,2.00355180118512E-04,03,07,34
2.00361405425033E-04,2.00355218264834E-04,03,07,44
2.003614476681E-04,2.00355260506596E-04,03,07,54
2.003614922081E-04,2.00355305045221E-04,03,08,04
2.00361535175233E-04,2.00355348011027E-04,03,08,14
2.003615794727E-04,2.00355392307126E-04,03,08,23
2.00361622998233E-04,2.00355435831315E-04,03,08,33
2.00361666090533E-04,2.00355478922284E-04,03,08,43
2.00361711944167E-04,2.00355524774502E-04,03,08,53
2.003617581904E-04,2.00355571019307E-04,03,09,03
2.00361803062167E-04,2.00355615889688E-04,03,09,13
2.003618461077E-04,2.00355658933892E-04,03,09,23
2.00361888796467E-04,2.00355701621341E-04,03,09,33
2.003619323569E-04,2.00355745180429E-04,03,09,43
2.00361978315967E-04,2.00355791138076E-04,03,09,53
2.00362021047367E-04,2.00355833868157E-04,03,10,03
2.00362065068167E-04,2.00355877887597E-04,03,10,13
2.00362107821567E-04,2.00355920639677E-04,03,10,23
2.003621447556E-04,2.0035595757257E-04,03,10,33
2.00362182625333E-04,2.00355995441134E-04,03,10,43
2.00362223871933E-04,2.0035603668646E-04,03,10,53
2.00362262747333E-04,2.0035607556066E-04,03,11,03
2.00362294422533E-04,2.00356107234882E-04,03,11,13
2.00362326725767E-04,2.00356139537117E-04,03,11,23
2.00362362340867E-04,2.00356175151118E-04,03,11,33
2.003624013636E-04,2.00356214172646E-04,03,11,43
2.00362439035367E-04,2.00356251843249E-04,03,11,53
2.00362475500767E-04,2.00356288307523E-04,03,12,03
2.003625144033E-04,2.00356327208855E-04,03,12,13
2.00362555107933E-04,2.00356367912232E-04,03,12,23
2.00362593732167E-04,2.00356406535272E-04,03,12,32
2.00362631020233E-04,2.00356443822187E-04,03,12,42
2.00362673142867E-04,2.0035648594352E-04,03,12,52
2.003627125045E-04,2.00356525303938E-04,03,13,02
2.00362747096733E-04,2.00356559895103E-04,03,13,12
2.00362779325633E-04,2.00356592123008E-04,03,13,22
2.00362810971833E-04,2.00356623768231E-04,03,13,32
2.00362845898667E-04,2.00356658693985E-04,03,13,42
2.00362880276833E-04,2.0035669307109E-04,03,13,52
2.003629108579E-04,2.00356723651213E-04,03,14,02
2.00362942556267E-04,2.00356755348601E-04,03,14,12
2.00362977524333E-04,2.00356790315587E-04,03,14,22
2.003630122475E-04,2.00356825037682E-04,03,14,32
2.00363047371333E-04,2.00356860160431E-04,03,14,42
2.00363082169167E-04,2.00356894957189E-04,03,14,52
2.00363117250033E-04,2.00356930036973E-04,03,15,02
2.00363154140533E-04,2.00356966926333E-04,03,15,12
2.00363188741467E-04,2.00357001526198E-04,03,15,22
2.00363221522267E-04,2.00357034305986E-04,03,15,32